1000
0.0 -80.57185414257535 28.0 0.0
0.001001001001001001 -80.58062814151882 28.01864870542166 0.0
0.002002002002002002 -80.58906565307396 28.037451697415463 0.0
0.003003003003003003 -80.59715915047263 28.056405390840723 0.0
0.004004004004004004 -80.60484907606633 28.075526471307697 0.0
0.005005005005005005 -80.61209837135604 28.094818906202747 0.0
0.006006006006006006 -80.61890118521816 28.11427257497604 0.0
0.007007007007007007 -80.62523925217761 28.13388293662959 0.0
0.008008008008008008 -80.63100122867863 28.153670263588182 0.0
0.009009009009009009 -80.6362355956325 28.173603029536746 0.0
0.01001001001001001 -80.64081036306906 28.193697881981798 0.0
0.011011011011011011 -80.64478300209979 28.21391983019432 0.0
0.012012012012012012 -80.64802547276112 28.23427165283166 0.0
0.013013013013013013 -80.65055714832434 28.254724299651123 0.0
0.014014014014014014 -80.65241028725438 28.275249290634854 0.0
0.015015015015015015 -80.65356354550414 28.295825696783815 0.0
0.016016016016016016 -80.65407942898496 28.316428275268095 0.0
0.01701701701701702 -80.6540568350294 28.337037692761125 0.0
0.018018018018018018 -80.65363648233425 28.357643195268267 0.0
0.01901901901901902 -80.65300911689067 28.378243674933444 0.0
0.02002002002002002 -80.65241721780251 28.3988451754523 0.0
0.021021021021021023 -80.65215212130047 28.41945307009705 0.0
0.022022022022022022 -80.65254352531893 28.440058259451707 0.0
0.023023023023023025 -80.65394765515795 28.460618063750594 0.0
0.024024024024024024 -80.6566444907891 28.48104687091239 0.0
0.025025025025025027 -80.66083220333307 28.501220779337412 0.0
0.026026026026026026 -80.66665507613475 28.520985749776447 0.0
0.02702702702702703 -80.6739662866354 28.540249631852912 0.0
0.028028028028028028 -80.68261309475216 28.558954643374367 0.0
0.02902902902902903 -80.69230810856939 28.577139150313656 0.0
0.03003003003003003 -80.70272931490021 28.59491852381911 0.0
0.031031031031031032 -80.7136052577489 28.612424940953403 0.0
0.03203203203203203 -80.72470157136327 28.629792853613807 0.0
0.03303303303303303 -80.73577315115867 28.64717657098946 0.0
0.03403403403403404 -80.74666881049376 28.664670641782656 0.0
0.035035035035035036 -80.75727809215088 28.68233985037299 0.0
0.036036036036036036 -80.76749257752188 28.700240212833126 0.0
0.037037037037037035 -80.77726821067816 28.71838381271591 0.0
0.03803803803803804 -80.78663363313566 28.736742344724412 0.0
0.03903903903903904 -80.79563684387969 28.755281387790472 0.0
0.04004004004004004 -80.8043447872555 28.773961195187397 0.0
0.04104104104104104 -80.81284519274114 28.79273654300799 0.0
0.042042042042042045 -80.82123984575405 28.81155946974968 0.0
0.043043043043043044 -80.82963263859573 28.83038325880504 0.0
0.044044044044044044 -80.8381120320604 28.849168205899915 0.0
0.04504504504504504 -80.84674416462303 28.867883379291648 0.0
0.04604604604604605 -80.85557020121757 28.886507814508626 0.0
0.04704704704704705 -80.86461918616997 28.905024881752354 0.0
0.04804804804804805 -80.87389403234114 28.923429869571553 0.0
0.04904904904904905 -80.88337746595437 28.941728331029342 0.0
0.05005005005005005 -80.89304663535187 28.959929404553137 0.0
0.05105105105105105 -80.90286768949917 28.97804898799538 0.0
0.05205205205205205 -80.91278264538855 28.996117361852335 0.0
0.05305305305305305 -80.92275608904913 29.014153566030764 0.0
0.05405405405405406 -80.93275270752406 29.032176945956813 0.0
0.055055055055055056 -80.94273772973955 29.050206753629055 0.0
0.056056056056056056 -80.95268214350365 29.068258991353886 0.0
0.057057057057057055 -80.96257009675057 29.086342211830008 0.0
0.05805805805805806 -80.97239916265175 29.10445749581296 0.0
0.05905905905905906 -80.9821733790235 29.12260242697758 0.0
0.06006006006006006 -80.99189807523955 29.140773954919677 0.0
0.06106106106106106 -81.00158378284706 29.15896630020876 0.0
0.062062062062062065 -81.01123991829348 29.1771743585257 0.0
0.06306306306306306 -81.02088087395438 29.195390454934603 0.0
0.06406406406406406 -81.0305103796885 29.21361260127021 0.0
0.06506506506506507 -81.0401284645007 29.231840770424874 0.0
0.06606606606606606 -81.04973348428938 29.250075818169638 0.0
0.06706706706706707 -81.05930175189832 29.2683301591973 0.0
0.06806806806806807 -81.06882133409175 29.286609917534008 0.0
0.06906906906906907 -81.07826454211094 29.304929223447672 0.0
0.07007007007007007 -81.08760723905674 29.32329998053373 0.0
0.07107107107107107 -81.09683084530987 29.341730834327105 0.0
0.07207207207207207 -81.10591218950495 29.360232250342214 0.0
0.07307307307307308 -81.11483184154709 29.378812180519432 0.0
0.07407407407407407 -81.1235908147001 29.39746836531446 0.0
0.07507507507507508 -81.1321912356535 29.41619810692204 0.0
0.07607607607607608 -81.14064015630544 29.434996627190586 0.0
0.07707707707707707 -81.14895890235445 29.453853110128016 0.0
0.07807807807807808 -81.15714932324602 29.472765747023743 0.0
0.07907907907907907 -81.16522380065945 29.491728241664322 0.0
0.08008008008008008 -81.17318307869604 29.510739394187127 0.0
0.08108108108108109 -81.18102613942452 29.529798759876563 0.0
0.08208208208208208 -81.18876313310226 29.548901384954924 0.0
0.08308308308308308 -81.19639264621088 29.568047209213823 0.0
0.08408408408408409 -81.20387913263635 29.58724943757423 0.0
0.08508508508508508 -81.21120783236593 29.60651238472773 0.0
0.08608608608608609 -81.21837156796481 29.6258371790691 0.0
0.08708708708708708 -81.22535519225708 29.645227854353827 0.0
0.08808808808808809 -81.23212034129384 29.66469583751173 0.0
0.0890890890890891 -81.23867263153261 29.684236362025572 0.0
0.09009009009009009 -81.24502182816641 29.70384392293157 0.0
0.09109109109109109 -81.2511440364922 29.72352357112014 0.0
0.0920920920920921 -81.25709320242744 29.743256167333264 0.0
0.09309309309309309 -81.26287879986188 29.763037470696815 0.0
0.0940940940940941 -81.268535560831 29.78285598032522 0.0
0.09509509509509509 -81.27412859737801 29.80269261556076 0.0
0.0960960960960961 -81.27966101506357 29.822546250388342 0.0
0.0970970970970971 -81.28522818876583 29.842390167920094 0.0
0.0980980980980981 -81.2908038058845 29.86223169328023 0.0
0.0990990990990991 -81.29646429871511 29.882049199704298 0.0
0.1001001001001001 -81.30217690408304 29.901851693466302 0.0
0.1011011011011011 -81.30795463132411 29.921635338560606 0.0
0.1021021021021021 -81.31379385773835 29.941400876496182 0.0
0.1031031031031031 -81.31964138693074 29.961164001005514 0.0
0.1041041041041041 -81.32552450010486 29.980916550065906 0.0
0.10510510510510511 -81.3313635621638 30.000682160221174 0.0
0.1061061061061061 -81.33717824189884 30.020454955495296 0.0
0.10710710710710711 -81.34294218456348 30.040242609188702 0.0
0.10810810810810811 -81.34864483071401 30.060048010258406 0.0
0.1091091091091091 -81.35432220461853 30.079860666982505 0.0
0.11011011011011011 -81.35993811378508 30.099690845797223 0.0
0.1111111111111111 -81.36559041786364 30.119510682254575 0.0
0.11211211211211211 -81.37122209054809 30.139336360458493 0.0
0.11311311311311312 -81.37690674631847 30.15914694846521 0.0
0.11411411411411411 -81.38263065172103 30.178946148896447 0.0
0.11511511511511512 -81.38840591224562 30.19873051432601 0.0
0.11611611611611612 -81.3942694460963 30.2184888106934 0.0
0.11711711711711711 -81.40015340381039 30.23824110830654 0.0
0.11811811811811812 -81.40614040416828 30.25796242548531 0.0
0.11911911911911911 -81.4121298517567 30.277682905394016 0.0
0.12012012012012012 -81.41813787109444 30.297397804283783 0.0
0.12112112112112113 -81.42414101301564 30.317114121560742 0.0
0.12212212212212212 -81.43003281116212 30.336863992392242 0.0
0.12312312312312312 -81.4358795438734 30.35662716023962 0.0
0.12412412412412413 -81.44150320061222 30.37645503115997 0.0
0.12512512512512514 -81.44692039059073 30.396339982564193 0.0
0.12612612612612611 -81.452008363087 30.416311883070016 0.0
0.12712712712712712 -81.45673383629006 30.43637219869307 0.0
0.12812812812812813 -81.46099476876829 30.456536471775564 0.0
0.12912912912912913 -81.46481508173994 30.476788434300282 0.0
0.13013013013013014 -81.46807640979853 30.497137905420644 0.0
0.13113113113113112 -81.4708065972238 30.517565720842853 0.0
0.13213213213213212 -81.47303877102811 30.538053792649002 0.0
0.13313313313313313 -81.47474118257838 30.55859281395709 0.0
0.13413413413413414 -81.47595114626724 30.579166848758177 0.0
0.13513513513513514 -81.47670797375727 30.599762639942604 0.0
0.13613613613613615 -81.47704074580555 30.620369713634286 0.0
0.13713713713713713 -81.47697415637377 30.64097937941478 0.0
0.13813813813813813 -81.47652103224598 30.661584147335624 0.0
0.13913913913913914 -81.47568372824124 30.682176843246104 0.0
0.14014014014014015 -81.47445985574423 30.702750137775702 0.0
0.14114114114114115 -81.47284767849541 30.723296630231985 0.0
0.14214214214214213 -81.4708560612753 30.74380984393905 0.0
0.14314314314314314 -81.46854101616164 30.76428924769138 0.0
0.14414414414414414 -81.46594375327498 30.78473478930603 0.0
0.14514514514514515 -81.46311591791643 30.8051498213851 0.0
0.14614614614614616 -81.46014571729826 30.82554471305518 0.0
0.14714714714714713 -81.4571655151806 30.845938170634145 0.0
0.14814814814814814 -81.45421696512244 30.866336218837297 0.0
0.14914914914914915 -81.45134911533825 30.886745754274497 0.0
0.15015015015015015 -81.44859971009097 30.907171556799554 0.0
0.15115115115115116 -81.44593328816865 30.927608405789705 0.0
0.15215215215215216 -81.44324234418963 30.94804202795663 0.0
0.15315315315315314 -81.4403914497768 30.96845382981514 0.0
0.15415415415415415 -81.43724793795722 30.988822416202574 0.0
0.15515515515515516 -81.43359372824685 31.00910517762968 0.0
0.15615615615615616 -81.42925331944716 31.02925190242231 0.0
0.15715715715715717 -81.42413093569829 31.049213636022856 0.0
0.15815815815815815 -81.41813070575839 31.068929320680486 0.0
0.15915915915915915 -81.41128594441236 31.088367653581564 0.0
0.16016016016016016 -81.40369979741935 31.107529267806846 0.0
0.16116116116116116 -81.39550093097716 31.126437345001527 0.0
0.16216216216216217 -81.38687065715138 31.14515296545059 0.0
0.16316316316316315 -81.377988282694 31.163750592230073 0.0
0.16416416416416416 -81.36901155946963 31.182302985083727 0.0
0.16516516516516516 -81.36007120294286 31.200872981001275 0.0
0.16616616616616617 -81.35127534801029 31.219511842276123 0.0
0.16716716716716717 -81.34265221546389 31.23823115705615 0.0
0.16816816816816818 -81.33420163276281 31.25702895123365 0.0
0.16916916916916916 -81.32588248273575 31.27588533589073 0.0
0.17017017017017017 -81.31762951568564 31.29477084870688 0.0
0.17117117117117117 -81.30937133660343 31.31365407267174 0.0
0.17217217217217218 -81.30104914444868 31.33250911486909 0.0
0.17317317317317318 -81.29260613398415 31.35131036622229 0.0
0.17417417417417416 -81.28402216641342 31.370047732585693 0.0
0.17517517517517517 -81.2753017598437 31.388722014897787 0.0
0.17617617617617617 -81.26649002811698 31.407353376884693 0.0
0.17717717717717718 -81.25764575307996 31.425969312119904 0.0
0.1781781781781782 -81.24883325447323 31.444600304706814 0.0
0.17917917917917917 -81.24011133259981 31.463273859254645 0.0
0.18018018018018017 -81.2315378176076 31.482015985965184 0.0
0.18118118118118118 -81.22313417173123 31.500834854269797 0.0
0.18218218218218218 -81.21490445248142 31.519730418388534 0.0
0.1831831831831832 -81.20682471564514 31.53869062930051 0.0
0.1841841841841842 -81.19884321874821 31.557692472011222 0.0
0.18518518518518517 -81.19088770209204 31.576705207551846 0.0
0.18618618618618618 -81.18288343810413 31.595697423136183 0.0
0.1871871871871872 -81.17473770943273 31.614629324536963 0.0
0.1881881881881882 -81.16637160922438 31.633464763858427 0.0
0.1891891891891892 -81.15772600821897 31.6521734359118 0.0
0.19019019019019018 -81.14876278686347 31.67073196490796 0.0
0.19119119119119118 -81.13944837767059 31.689116745643197 0.0
0.1921921921921922 -81.12977769650885 31.70731654457417 0.0
0.1931931931931932 -81.1197539865468 31.72532421713098 0.0
0.1941941941941942 -81.10937887707502 31.743131754406008 0.0
0.19519519519519518 -81.09866227286999 31.760735970285793 0.0
0.1961961961961962 -81.08759267390074 31.778120552562513 0.0
0.1971971971971972 -81.07616969974728 31.795274909367485 0.0
0.1981981981981982 -81.06443394191658 31.8122166570694 0.0
0.1991991991991992 -81.05238110535392 31.828934742122648 0.0
0.2002002002002002 -81.04005167648056 31.84544980602914 0.0
0.2012012012012012 -81.02749504536676 31.861792907548605 0.0
0.2022022022022022 -81.0147711736522 31.87800633224649 0.0
0.2032032032032032 -81.00192538222458 31.894123339659878 0.0
0.2042042042042042 -80.98900126688687 31.910177658329285 0.0
0.20520520520520522 -80.97604617967254 31.926207018415102 0.0
0.2062062062062062 -80.96305844169093 31.942209923275477 0.0
0.2072072072072072 -80.95001974018398 31.958171323980462 0.0
0.2082082082082082 -80.93689493434034 31.974061968715755 0.0
0.2092092092092092 -80.92365674481374 31.989858193189786 0.0
0.21021021021021022 -80.91021099543258 32.00547802250528 0.0
0.21121121121121122 -80.89654021458718 32.02090114640704 0.0
0.2122122122122122 -80.88260296022739 32.03608389721164 0.0
0.2132132132132132 -80.86843551144558 32.05105203517709 0.0
0.21421421421421422 -80.85404866222208 32.06580965118653 0.0
0.21521521521521522 -80.83952692588862 32.0804346431848 0.0
0.21621621621621623 -80.82492850440511 32.09498320970403 0.0
0.2172172172172172 -80.81033743555507 32.1095391444997 0.0
0.2182182182182182 -80.79584762273717 32.12419575075187 0.0
0.21921921921921922 -80.78150147236516 32.13899290044108 0.0
0.22022022022022023 -80.7673776881143 32.154002295157504 0.0
0.22122122122122123 -80.75345932931647 32.169202404596504 0.0
0.2222222222222222 -80.73976534342687 32.18460493075987 0.0
0.22322322322322322 -80.72616951855224 32.20009425936049 0.0
0.22422422422422422 -80.71261635674647 32.21562104878509 0.0
0.22522522522522523 -80.6989324845786 32.23103258554624 0.0
0.22622622622622623 -80.68497723324944 32.24619833070507 0.0
0.22722722722722724 -80.67066271745847 32.261025034174295 0.0
0.22822822822822822 -80.65586209835456 32.27536613584554 0.0
0.22922922922922923 -80.64065591248176 32.28927684695767 0.0
0.23023023023023023 -80.62509187942763 32.30278661307395 0.0
0.23123123123123124 -80.60931413505439 32.31604666685578 0.0
0.23223223223223224 -80.59343421952843 32.32918445101892 0.0
0.23323323323323322 -80.57762515507139 32.34240716770907 0.0
0.23423423423423423 -80.5620068614673 32.355854433782284 0.0
0.23523523523523523 -80.54663385992653 32.369581282533865 0.0
0.23623623623623624 -80.53156527559248 32.38364169383874 0.0
0.23723723723723725 -80.51672326174229 32.397941262064776 0.0
0.23823823823823823 -80.50200851428306 32.412372036320484 0.0
0.23923923923923923 -80.48723565529335 32.42674311010319 0.0
0.24024024024024024 -80.4721955293937 32.440833552436615 0.0
0.24124124124124124 -80.45665258516593 32.45436479341117 0.0
0.24224224224224225 -80.44053070308092 32.46720049240728 0.0
0.24324324324324326 -80.42369528914756 32.47908371931517 0.0
0.24424424424424424 -80.40621698172879 32.490000439872944 0.0
0.24524524524524524 -80.38816498440355 32.4999420456773 0.0
0.24624624624624625 -80.36967148128463 32.509037163635305 0.0
0.24724724724724725 -80.35085586218788 32.51744630257604 0.0
0.24824824824824826 -80.33182266949716 32.52535115673112 0.0
0.24924924924924924 -80.31264888590812 32.53290962969647 0.0
0.2502502502502503 -80.29339619194579 32.54026528248614 0.0
0.25125125125125125 -80.27409254421514 32.54748633077953 0.0
0.25225225225225223 -80.25478106256246 32.55468638082394 0.0
0.25325325325325326 -80.23547705440522 32.561906424136566 0.0
0.25425425425425424 -80.21620262308602 32.56920506094447 0.0
0.2552552552552553 -80.19697216390475 32.57661866073125 0.0
0.25625625625625625 -80.17780565516253 32.58419577792589 0.0
0.25725725725725723 -80.15872281334715 32.591981129413355 0.0
0.25825825825825827 -80.13975308968783 32.60003842631837 0.0
0.25925925925925924 -80.1209448042193 32.60846559961942 0.0
0.2602602602602603 -80.1023302103296 32.61731144911424 0.0
0.26126126126126126 -80.08395164985279 32.62663680277872 0.0
0.26226226226226224 -80.06585446039416 32.63649632841738 0.0
0.26326326326326327 -80.04808248449295 32.646930110369695 0.0
0.26426426426426425 -80.03066556036103 32.65794733941095 0.0
0.2652652652652653 -80.01363007889991 32.66954614075287 0.0
0.26626626626626626 -79.9969656524756 32.6816719675339 0.0
0.2672672672672673 -79.9806231074147 32.69422868793797 0.0
0.2682682682682683 -79.96451269871908 32.70708239645378 0.0
0.26926926926926925 -79.94853417547951 32.72009996881729 0.0
0.2702702702702703 -79.93257197041214 32.73313758914838 0.0
0.27127127127127126 -79.9164640764696 32.74599424301478 0.0
0.2722722722722723 -79.90011741328365 32.758545840231776 0.0
0.2732732732732733 -79.88342137966833 32.770628203738895 0.0
0.27427427427427425 -79.86634057722564 32.7821594334807 0.0
0.2752752752752753 -79.84891081907224 32.793156056943445 0.0
0.27627627627627627 -79.83115284643365 32.80361569828336 0.0
0.2772772772772773 -79.8131400722128 32.81363060601145 0.0
0.2782782782782783 -79.79496521884923 32.82334854525575 0.0
0.27927927927927926 -79.77670078410952 32.83289748659305 0.0
0.2802802802802803 -79.75841270823489 32.842401186798185 0.0
0.28128128128128127 -79.74015865932715 32.85197006265743 0.0
0.2822822822822823 -79.72198803997249 32.861696295683295 0.0
0.2832832832832833 -79.70392556235116 32.87162164321657 0.0
0.28428428428428426 -79.68598807665265 32.88177106949179 0.0
0.2852852852852853 -79.66818331568064 32.89215171871274 0.0
0.2862862862862863 -79.65050644181558 32.902748816286035 0.0
0.2872872872872873 -79.63294137159019 32.913530238349985 0.0
0.2882882882882883 -79.61545880828237 32.92444502297283 0.0
0.28928928928928926 -79.59803127604991 32.93544752853377 0.0
0.2902902902902903 -79.58062964132907 32.946490976845126 0.0
0.2912912912912913 -79.56322732047443 32.95753334520143 0.0
0.2922922922922923 -79.54580951236669 32.96855126120045 0.0
0.2932932932932933 -79.52836885935506 32.97953297875917 0.0
0.29429429429429427 -79.51091528177116 32.99049414654642 0.0
0.2952952952952953 -79.49347381577832 33.001474565930664 0.0
0.2962962962962963 -79.4760813849263 33.0125323804971 0.0
0.2972972972972973 -79.45878562688095 33.023740613326595 0.0
0.2982982982982983 -79.44164688613563 33.035187201941355 0.0
0.2992992992992993 -79.42473370034321 33.046963995653535 0.0
0.3003003003003003 -79.40809727574779 33.059128398825365 0.0
0.3013013013013013 -79.39183815709916 33.071792562168014 0.0
0.3023023023023023 -79.37601403706148 33.084995275519454 0.0
0.3033033033033033 -79.36064172634448 33.098721240917044 0.0
0.30430430430430433 -79.34583713578095 33.113057189477566 0.0
0.3053053053053053 -79.33158836712032 33.12794587889725 0.0
0.3063063063063063 -79.31796720750015 33.1434100929388 0.0
0.3073073073073073 -79.30497098777172 33.159404103539224 0.0
0.3083083083083083 -79.29268433652129 33.17594917494257 0.0
0.30930930930930933 -79.28105122993233 33.19295964622684 0.0
0.3103103103103103 -79.2700994506512 33.210417703855335 0.0
0.3113113113113113 -79.25984210931937 33.22829298355379 0.0
0.3123123123123123 -79.25021732895019 33.246516450596914 0.0
0.3133133133133133 -79.24117365247949 33.26503524474775 0.0
0.31431431431431434 -79.23265303088242 33.283800598226954 0.0
0.3153153153153153 -79.22459016397471 33.302767309500595 0.0
0.3163163163163163 -79.21692395999868 33.321898052741616 0.0
0.3173173173173173 -79.20960068699056 33.34116289639995 0.0
0.3183183183183183 -79.2025883360296 33.36054318914035 0.0
0.31931931931931934 -79.19583768941892 33.380016205768 0.0
0.3203203203203203 -79.18932186243387 33.3995690798396 0.0
0.3213213213213213 -79.1830085104606 33.41918827741375 0.0
0.32232232232232233 -79.17686178364487 33.438860351802234 0.0
0.3233233233233233 -79.17084529343782 33.458572666429795 0.0
0.32432432432432434 -79.16488365841965 33.47830164315304 0.0
0.3253253253253253 -79.15892163954413 33.49803043500134 0.0
0.3263263263263263 -79.15280128473525 33.51771073486845 0.0
0.32732732732732733 -79.14640177344153 33.5373013413804 0.0
0.3283283283283283 -79.13954412303289 33.55673608336349 0.0
0.32932932932932935 -79.13184122630798 33.57585050425782 0.0
0.3303303303303303 -79.12304963241343 33.5944839905637 0.0
0.33133133133133136 -79.11282508836187 33.61236708680987 0.0
0.33233233233233234 -79.10082552447088 33.62911015828861 0.0
0.3333333333333333 -79.08694505033667 33.64432341579715 0.0
0.33433433433433435 -79.07153838998225 33.657995032985134 0.0
0.3353353353353353 -79.05494664455321 33.670210381383576 0.0
0.33633633633633636 -79.03751957041156 33.68120966369743 0.0
0.33733733733733734 -79.01965064863384 33.69147736664977 0.0
0.3383383383383383 -79.00153326628133 33.70130175079427 0.0
0.33933933933933935 -78.98330998866658 33.71092869061199 0.0
0.34034034034034033 -78.96506650249108 33.720517093245824 0.0
0.34134134134134136 -78.94685936385149 33.73017403207886 0.0
0.34234234234234234 -78.92871904841321 33.73995600626993 0.0
0.3433433433433433 -78.91066765546545 33.749901560461794 0.0
0.34434434434434436 -78.89272627054446 33.76004408141091 0.0
0.34534534534534533 -78.87487256769347 33.77033981891859 0.0
0.34634634634634637 -78.85709957924632 33.78077457076596 0.0
0.34734734734734735 -78.83939897269423 33.7913319723164 0.0
0.3483483483483483 -78.82175882323172 33.801990174114216 0.0
0.34934934934934936 -78.80413969452846 33.81268314101521 0.0
0.35035035035035034 -78.78650819226881 33.82335569823775 0.0
0.35135135135135137 -78.76882537483404 33.83394291233052 0.0
0.35235235235235235 -78.75103458284123 33.84434750761158 0.0
0.3533533533533533 -78.73306836106866 33.85444558004327 0.0
0.35435435435435436 -78.71486416361482 33.864106698042946 0.0
0.35535535535535534 -78.69635310467807 33.87316399114725 0.0
0.3563563563563564 -78.677474835504 33.88142637903392 0.0
0.35735735735735735 -78.65819533374687 33.88870164227434 0.0
0.35835835835835833 -78.63851509636213 33.894809671515276 0.0
0.35935935935935936 -78.61848272345969 33.89963869446949 0.0
0.36036036036036034 -78.5981893832937 33.903217621498804 0.0
0.3613613613613614 -78.57772672314587 33.90565491463797 0.0
0.36236236236236236 -78.5571736202553 33.90716375137959 0.0
0.3633633633633634 -78.5365812428988 33.90799845433931 0.0
0.36436436436436437 -78.51597551627519 33.90840829951324 0.0
0.36536536536536535 -78.49536644648146 33.90860627308449 0.0
0.3663663663663664 -78.4747569303353 33.908756335441055 0.0
0.36736736736736736 -78.45414802690306 33.90897183824989 0.0
0.3683683683683684 -78.43354096682117 33.90931979283948 0.0
0.36936936936936937 -78.41293721906895 33.90982712744189 0.0
0.37037037037037035 -78.3923378637413 33.910489727534795 0.0
0.3713713713713714 -78.37174285701555 33.9112766825601 0.0
0.37237237237237236 -78.3511509736611 33.91214200762486 0.0
0.3733733733733734 -78.3305601862268 33.91303320084615 0.0
0.3743743743743744 -78.30996825735663 33.913897516508435 0.0
0.37537537537537535 -78.28937335477931 33.91468753386268 0.0
0.3763763763763764 -78.2687747107839 33.91537276836672 0.0
0.37737737737737737 -78.24817260567376 33.915944499738394 0.0
0.3783783783783784 -78.22756807210664 33.9164213462068 0.0
0.3793793793793794 -78.20696257623521 33.91685524671266 0.0
0.38038038038038036 -78.18635816674328 33.917336470580366 0.0
0.3813813813813814 -78.16575894041003 33.91799846991171 0.0
0.38238238238238237 -78.1451749313693 33.919021533052046 0.0
0.3833833833833834 -78.12463038189148 33.92064260537465 0.0
0.3843843843843844 -78.10417730328794 33.92315483365307 0.0
0.38538538538538536 -78.08391237224753 33.92687894692651 0.0
0.3863863863863864 -78.06400790216131 33.9321860148806 0.0
0.38738738738738737 -78.04470839915365 33.93938224859882 0.0
0.3883883883883884 -78.02635625862041 33.948728372430146 0.0
0.3893893893893894 -78.00921822481567 33.9601540016911 0.0
0.39039039039039036 -77.99362972835905 33.973618877829935 0.0
0.3913913913913914 -77.97944298837724 33.98855516789824 0.0
0.3923923923923924 -77.96675033899913 34.00478462802236 0.0
0.3933933933933934 -77.95518439015827 34.02183718582498 0.0
0.3943943943943944 -77.94456015257087 34.03949511927677 0.0
0.3953953953953954 -77.93462841579014 34.05755312242615 0.0
0.3963963963963964 -77.92510150275774 34.075828714805915 0.0
0.3973973973973974 -77.91573410485637 34.094186982830934 0.0
0.3983983983983984 -77.906303249522 34.1125125927298 0.0
0.3993993993993994 -77.896608358725 34.13069956936632 0.0
0.4004004004004004 -77.8864545850436 34.14863422631925 0.0
0.4014014014014014 -77.87570519515734 34.16621753597083 0.0
0.4024024024024024 -77.86432054962417 34.18339485572309 0.0
0.4034034034034034 -77.85229007013652 34.20012789216273 0.0
0.4044044044044044 -77.83956963477532 34.216342423639 0.0
0.40540540540540543 -77.82626646233757 34.23208196406363 0.0
0.4064064064064064 -77.81243813343858 34.24736290359448 0.0
0.4074074074074074 -77.79817920082107 34.262242770086516 0.0
0.4084084084084084 -77.78351332703575 34.27672222932482 0.0
0.4094094094094094 -77.76851167311968 34.29085353766543 0.0
0.41041041041041043 -77.75315984007491 34.304603876107535 0.0
0.4114114114114114 -77.73749512258502 34.31799648723248 0.0
0.4124124124124124 -77.72149812711933 34.330990562484345 0.0
0.4134134134134134 -77.70515987081686 34.34355293355753 0.0
0.4144144144144144 -77.68853782882374 34.35573666874277 0.0
0.41541541541541543 -77.67159925785073 34.36747703140588 0.0
0.4164164164164164 -77.65439899091663 34.37883046620748 0.0
0.4174174174174174 -77.6369612898074 34.38981634768329 0.0
0.4184184184184184 -77.61932039948456 34.40047301623874 0.0
0.4194194194194194 -77.60154131175254 34.41089765890273 0.0
0.42042042042042044 -77.58365399800337 34.42113568512329 0.0
0.4214214214214214 -77.56570180345034 34.431259567477994 0.0
0.42242242242242245 -77.54772408772511 34.441338074938734 0.0
0.42342342342342343 -77.52975905434774 34.451439177819125 0.0
0.4244244244244244 -77.51183112054646 34.4616059524659 0.0
0.42542542542542544 -77.49396119468634 34.47187426368227 0.0
0.4264264264264264 -77.47616233549091 34.482265199431424 0.0
0.42742742742742745 -77.45844490777216 34.49279440353138 0.0
0.42842842842842843 -77.44080752456874 34.50345713084001 0.0
0.4294294294294294 -77.42323700293522 34.51422965687014 0.0
0.43043043043043044 -77.40571943838705 34.525088124639865 0.0
0.4314314314314314 -77.38823218274993 34.53599535371086 0.0
0.43243243243243246 -77.37074928139724 34.54690959457882 0.0
0.43343343343343343 -77.3532398340944 34.55778110023338 0.0
0.4344344344344344 -77.33569565679123 34.568596478709395 0.0
0.43543543543543545 -77.31809354499049 34.57931725385314 0.0
0.4364364364364364 -77.30042088511252 34.5899212836737 0.0
0.43743743743743746 -77.28267867158924 34.60040851221151 0.0
0.43843843843843844 -77.26485021900159 34.610748434143545 0.0
0.4394394394394394 -77.24692912897171 34.62092686488123 0.0
0.44044044044044045 -77.22889808509686 34.63090906292034 0.0
0.44144144144144143 -77.21073305390243 34.640645190440765 0.0
0.44244244244244246 -77.1923991327304 34.650059013626155 0.0
0.44344344344344344 -77.1738684741176 34.65907852286287 0.0
0.4444444444444444 -77.15511712945289 34.66762905327446 0.0
0.44544544544544545 -77.13612659677796 34.67563441693264 0.0
0.44644644644644643 -77.11688750361658 34.68302241275845 0.0
0.44744744744744747 -77.0974129645053 34.68976442891085 0.0
0.44844844844844844 -77.07774443179218 34.69591842220858 0.0
0.4494494494494494 -77.05789482869831 34.70146271358028 0.0
0.45045045045045046 -77.03791706440032 34.706525744391556 0.0
0.45145145145145144 -77.01783266165185 34.71114965411064 0.0
0.45245245245245247 -76.99768652906262 34.7154966796148 0.0
0.45345345345345345 -76.97748239424465 34.71956632047534 0.0
0.4544544544544545 -76.95725973727312 34.72354330020302 0.0
0.45545545545545546 -76.93701170649773 34.72738912108751 0.0
0.45645645645645644 -76.91675164352603 34.73117096246663 0.0
0.4574574574574575 -76.89649323175783 34.734961834101796 0.0
0.45845845845845845 -76.8762200492916 34.738672903240015 0.0
0.4594594594594595 -76.8559510602707 34.74240640498246 0.0
0.46046046046046046 -76.83567576693218 34.74610586345647 0.0
0.46146146146146144 -76.81538109301545 34.74969740441603 0.0
0.4624624624624625 -76.79509572267611 34.75334090625946 0.0
0.46346346346346345 -76.77479071174265 34.756873511439096 0.0
0.4644644644644645 -76.75446812142596 34.7603031506647 0.0
0.46546546546546547 -76.73416419920787 34.76384212781929 0.0
0.46646646646646645 -76.71385197623076 34.76733330581935 0.0
0.4674674674674675 -76.69355878032626 34.77093040010337 0.0
0.46846846846846846 -76.67333815055686 34.77491687921056 0.0
0.4694694694694695 -76.65319789856895 34.779288994571004 0.0
0.47047047047047047 -76.63329182108247 34.78461588188491 0.0
0.47147147147147145 -76.6136917911056 34.79096912189712 0.0
0.4724724724724725 -76.59468591257935 34.79892918590833 0.0
0.47347347347347346 -76.57652423744588 34.808650947641745 0.0
0.4744744744744745 -76.55946721978309 34.82020267548234 0.0
0.4754754754754755 -76.54394862618709 34.83374792150701 0.0
0.47647647647647645 -76.52991682378841 34.84882524949071 0.0
0.4774774774774775 -76.51785661642933 34.8655179138671 0.0
0.47847847847847846 -76.50788138552085 34.883526291949515 0.0
0.4794794794794795 -76.50059210232112 34.90277432308931 0.0
0.4804804804804805 -76.49675667443002 34.922980037373826 0.0
0.48148148148148145 -76.4970319076373 34.94353574146318 0.0
0.4824824824824825 -76.5014584095843 34.96361906351805 0.0
0.48348348348348347 -76.50904877947676 34.98276154648502 0.0
0.4844844844844845 -76.51832624262684 35.00116235772819 0.0
0.4854854854854855 -76.52791511281555 35.019405727617695 0.0
0.4864864864864865 -76.53667828548446 35.03805533580694 0.0
0.4874874874874875 -76.54382575967358 35.05737398144205 0.0
0.48848848848848847 -76.54891971123918 35.077331157774196 0.0
0.4894894894894895 -76.55185070467138 35.09771909585622 0.0
0.4904904904904905 -76.5528670624109 35.1182963976192 0.0
0.4914914914914915 -76.55233872972393 35.138895467113954 0.0
0.4924924924924925 -76.55061478408994 35.159431133891665 0.0
0.4934934934934935 -76.54792380381676 35.17986334330724 0.0
0.4944944944944945 -76.54445475502229 35.20017844612711 0.0
0.4954954954954955 -76.54027371621741 35.220358981393545 0.0
0.4964964964964965 -76.5351539140938 35.24032127623614 0.0
0.4974974974974975 -76.52894492147676 35.2599702848682 0.0
0.4984984984984985 -76.52108840562909 35.279018312249015 0.0
0.4994994994994995 -76.51106813047012 35.297010026286586 0.0
0.5005005005005005 -76.4984095443296 35.31322959238785 0.0
0.5015015015015015 -76.48301699376935 35.32687543978038 0.0
0.5025025025025025 -76.46542529730125 35.337529986987846 0.0
0.5035035035035035 -76.4463364281039 35.34522294589111 0.0
0.5045045045045045 -76.42642631999145 35.35049186324739 0.0
0.5055055055055055 -76.40609115671063 35.35380270339423 0.0
0.5065065065065065 -76.38557722162588 35.35574980864949 0.0
0.5075075075075075 -76.36499109166182 35.35670008214214 0.0
0.5085085085085085 -76.34438354375072 35.35695417194999 0.0
0.5095095095095095 -76.32377471792245 35.35676164546412 0.0
0.5105105105105106 -76.30316889678807 35.35634575550757 0.0
0.5115115115115115 -76.2825631942062 35.35592316611306 0.0
0.5125125125125125 -76.26195438460762 35.355721999305615 0.0
0.5135135135135135 -76.24134689261754 35.35599306501788 0.0
0.5145145145145145 -76.2207634887082 35.357009433652 0.0
0.5155155155155156 -76.20025714446234 35.359048881834276 0.0
0.5165165165165165 -76.1799238556384 35.36239286731792 0.0
0.5175175175175175 -76.1598953265066 35.36723724698022 0.0
0.5185185185185185 -76.14033222365782 35.37370701901519 0.0
0.5195195195195195 -76.12137588911982 35.381782354881864 0.0
0.5205205205205206 -76.10311107254833 35.39131827540738 0.0
0.5215215215215215 -76.08554398652937 35.40208696768029 0.0
0.5225225225225225 -76.0685925249078 35.413804904309714 0.0
0.5235235235235235 -76.05214787978915 35.42622668035416 0.0
0.5245245245245245 -76.03602158267404 35.439060099719065 0.0
0.5255255255255256 -76.02001222165826 35.45203977714198 0.0
0.5265265265265265 -76.00394568396378 35.464948464406895 0.0
0.5275275275275275 -75.9876832525003 35.477608768515125 0.0
0.5285285285285285 -75.97110571350213 35.48985345139579 0.0
0.5295295295295295 -75.9541428243596 35.501558172154844 0.0
0.5305305305305306 -75.93681622860962 35.51271676970744 0.0
0.5315315315315315 -75.91917840415405 35.523377172301686 0.0
0.5325325325325325 -75.90128910016892 35.53361085268051 0.0
0.5335335335335335 -75.88324562261265 35.54357078306618 0.0
0.5345345345345346 -75.86515227041896 35.553440158299196 0.0
0.5355355355355356 -75.84711737342214 35.56341552864596 0.0
0.5365365365365365 -75.82925617032261 35.57369784680255 0.0
0.5375375375375375 -75.81172399947371 35.58453064829226 0.0
0.5385385385385385 -75.7946920638047 35.596130179313874 0.0
0.5395395395395396 -75.77830761560736 35.60862572600792 0.0
0.5405405405405406 -75.76291053922486 35.6223167527512 0.0
0.5415415415415415 -75.74874441643445 35.637274331900635 0.0
0.5425425425425425 -75.73623943319856 35.65363839221633 0.0
0.5435435435435435 -75.7256116157243 35.671276597410795 0.0
0.5445445445445446 -75.71723622774743 35.690094502144866 0.0
0.5455455455455456 -75.71131106720067 35.709824770811906 0.0
0.5465465465465466 -75.70782624332487 35.73012781358826 0.0
0.5475475475475475 -75.70666637057639 35.750696103414455 0.0
0.5485485485485485 -75.70762468100126 35.77127515300992 0.0
0.5495495495495496 -75.71050745969694 35.79167426238702 0.0
0.5505505505505506 -75.71522566309247 35.81173034459722 0.0
0.5515515515515516 -75.72151635517578 35.83135005069859 0.0
0.5525525525525525 -75.7293167502013 35.85042324627762 0.0
0.5535535535535535 -75.73857254692338 35.86883457796047 0.0
0.5545545545545546 -75.74915879478132 35.88651275270304 0.0
0.5555555555555556 -75.7610103432155 35.90336727565011 0.0
0.5565565565565566 -75.77413450678596 35.91925069561777 0.0
0.5575575575575575 -75.78840555462841 35.93411126128436 0.0
0.5585585585585585 -75.80389988110325 35.947686387074995 0.0
0.5595595595595596 -75.82046704554509 35.959929755621324 0.0
0.5605605605605606 -75.8381506525582 35.970498849616554 0.0
0.5615615615615616 -75.8567548310052 35.97933604257898 0.0
0.5625625625625625 -75.87607209167464 35.986487952721234 0.0
0.5635635635635635 -75.89590470195967 35.99207651826465 0.0
0.5645645645645646 -75.91600145064564 35.99663547325358 0.0
0.5655655655655656 -75.93621041814401 36.00067956392623 0.0
0.5665665665665666 -75.95633324022346 36.00513193758988 0.0
0.5675675675675675 -75.97628151260459 36.010298693150624 0.0
0.5685685685685685 -75.99572671878367 36.01711538603374 0.0
0.5695695695695696 -76.01445124665022 36.02568146443297 0.0
0.5705705705705706 -76.03203332962852 36.03638060155334 0.0
0.5715715715715716 -76.04770021664497 36.0497123448592 0.0
0.5725725725725725 -76.05893170485973 36.06684764832521 0.0
0.5735735735735735 -76.0616353161795 36.08693839824048 0.0
0.5745745745745746 -76.05414132919891 36.10588333121515 0.0
0.5755755755755756 -76.04105075060421 36.121704118067086 0.0
0.5765765765765766 -76.02535522150401 36.1350380041914 0.0
0.5775775775775776 -76.00867371287903 36.14713188367108 0.0
0.5785785785785785 -75.99179750042427 36.15896001519973 0.0
0.5795795795795796 -75.97537403083244 36.17140074008028 0.0
0.5805805805805806 -75.96014612743791 36.185269350274865 0.0
0.5815815815815816 -75.9472090240687 36.20128118122695 0.0
0.5825825825825826 -75.93702930233945 36.21916795081202 0.0
0.5835835835835835 -75.92990220246497 36.238488484431656 0.0
0.5845845845845846 -75.9258232870121 36.25867726969508 0.0
0.5855855855855856 -75.92411182492931 36.27920529134668 0.0
0.5865865865865866 -75.92444117169 36.299806035754685 0.0
0.5875875875875876 -75.92642151605786 36.320316960557676 0.0
0.5885885885885885 -75.929653130596 36.34066992033691 0.0
0.5895895895895896 -75.93398876682176 36.36081743520526 0.0
0.5905905905905906 -75.93895449478623 36.38081988467541 0.0
0.5915915915915916 -75.94446669479618 36.40067867646323 0.0
0.5925925925925926 -75.95013250319924 36.42049463808796 0.0
0.5935935935935935 -75.95594236344425 36.44026877717983 0.0
0.5945945945945946 -75.9615371801907 36.46010484188806 0.0
0.5955955955955956 -75.96689176706361 36.48000678435381 0.0
0.5965965965965966 -75.97180802690976 36.50002177943929 0.0
0.5975975975975976 -75.97628177470314 36.52013984723205 0.0
0.5985985985985987 -75.98019294604963 36.5403749320892 0.0
0.5995995995995996 -75.9837162121611 36.560681130758965 0.0
0.6006006006006006 -75.98677970595588 36.58106191470057 0.0
0.6016016016016016 -75.98950194839911 36.60149125043664 0.0
0.6026026026026026 -75.99209682055908 36.621937291413225 0.0
0.6036036036036037 -75.9946437887873 36.64238937162791 0.0
0.6046046046046046 -75.99727919366211 36.66283016038835 0.0
0.6056056056056056 -76.00017495682727 36.683235345853504 0.0
0.6066066066066066 -76.00360270332406 36.703557550200664 0.0
0.6076076076076076 -76.00762600022199 36.723769651140174 0.0
0.6086086086086087 -76.01250421759877 36.74379032254991 0.0
0.6096096096096096 -76.01841522329302 36.76353119578656 0.0
0.6106106106106106 -76.02560582803758 36.78283936462044 0.0
0.6116116116116116 -76.03419815935567 36.801563101847755 0.0
0.6126126126126126 -76.04438437384707 36.81946920189255 0.0
0.6136136136136137 -76.05632151230988 36.836255699828364 0.0
0.6146146146146146 -76.0698569210905 36.851780975482015 0.0
0.6156156156156156 -76.08511111210944 36.8656228910249 0.0
0.6166166166166166 -76.10162797786921 36.877928722131145 0.0
0.6176176176176176 -76.1192454804706 36.888612600951824 0.0
0.6186186186186187 -76.13765063445207 36.897877836294136 0.0
0.6196196196196196 -76.15655485528382 36.90608051416213 0.0
0.6206206206206206 -76.17575304150475 36.91357460635722 0.0
0.6216216216216216 -76.19508110012572 36.92072967004346 0.0
0.6226226226226226 -76.21437151889174 36.92798550188553 0.0
0.6236236236236237 -76.23345726580239 36.935758562138005 0.0
0.6246246246246246 -76.25211412944252 36.94450113984459 0.0
0.6256256256256256 -76.27002580196077 36.954677806572455 0.0
0.6266266266266266 -76.28661487318314 36.966877653408915 0.0
0.6276276276276276 -76.3014141742733 36.981177646516386 0.0
0.6286286286286287 -76.31365730084548 36.99772487685249 0.0
0.6296296296296297 -76.32311809146745 37.01600235452953 0.0
0.6306306306306306 -76.3300593700544 37.0353902111696 0.0
0.6316316316316316 -76.33486370824639 37.05542402054399 0.0
0.6326326326326326 -76.33826863112478 37.075746624957794 0.0
0.6336336336336337 -76.34072625066192 37.09620780498176 0.0
0.6346346346346347 -76.34255072619356 37.116736183749126 0.0
0.6356356356356356 -76.34390693532356 37.13730104689839 0.0
0.6366366366366366 -76.34479788981703 37.157891218761414 0.0
0.6376376376376376 -76.34511565983279 37.17849784766896 0.0
0.6386386386386387 -76.34468675477126 37.19910188932257 0.0
0.6396396396396397 -76.34331934613769 37.219664479714275 0.0
0.6406406406406406 -76.34086004680043 37.24012507424806 0.0
0.6416416416416416 -76.33719601520971 37.26040434086659 0.0
0.6426426426426426 -76.33244023835712 37.280456399370685 0.0
0.6436436436436437 -76.32677120337371 37.300269822336624 0.0
0.6446446446446447 -76.32051001684573 37.319905549682346 0.0
0.6456456456456456 -76.31396082977083 37.33944736709271 0.0
0.6466466466466466 -76.30756285655856 37.35903913042587 0.0
0.6476476476476476 -76.30166237225583 37.378785292110315 0.0
0.6486486486486487 -76.2965628267775 37.398752529393306 0.0
0.6496496496496497 -76.2925331506049 37.41896161649251 0.0
0.6506506506506506 -76.28970579966808 37.43937388404041 0.0
0.6516516516516516 -76.2880567320621 37.4599154137901 0.0
0.6526526526526526 -76.28753509880755 37.480517103229495 0.0
0.6536536536536537 -76.28791090465177 37.50112256731261 0.0
0.6546546546546547 -76.28890503658907 37.521708168431346 0.0
0.6556556556556556 -76.29019575309152 37.54227774172245 0.0
0.6566566566566566 -76.29142963281814 37.56285070916511 0.0
0.6576576576576577 -76.2923127814691 37.583441135161536 0.0
0.6586586586586587 -76.29257664857924 37.604047968269256 0.0
0.6596596596596597 -76.29204345529293 37.624648992108575 0.0
0.6606606606606606 -76.29066365376033 37.64521074142889 0.0
0.6616616616616616 -76.28849279853767 37.66570456699459 0.0
0.6626626626626627 -76.28573455879591 37.68612862199801 0.0
0.6636636636636637 -76.28267133103253 37.70650968158044 0.0
0.6646646646646647 -76.27958762156285 37.72688772010416 0.0
0.6656656656656657 -76.27673245075977 37.74729857625856 0.0
0.6666666666666666 -76.27443950859305 37.76777942949579 0.0
0.6676676676676677 -76.27296181885905 37.78833439991166 0.0
0.6686686686686687 -76.27252640146375 37.808937074531386 0.0
0.6696696696696697 -76.2733319402536 37.829527970220994 0.0
0.6706706706706707 -76.27554140469084 37.850015343614125 0.0
0.6716716716716716 -76.27929291542242 37.87027667092046 0.0
0.6726726726726727 -76.28448358584204 37.890218533607914 0.0
0.6736736736736737 -76.2911566510849 37.90971499763243 0.0
0.6746746746746747 -76.29908296778737 37.928735849993245 0.0
0.6756756756756757 -76.30802673150353 37.94730083884944 0.0
0.6766766766766766 -76.31770803189738 37.96549376099057 0.0
0.6776776776776777 -76.32779749041156 37.983465119613186 0.0
0.6786786786786787 -76.33796378115134 38.00139314118947 0.0
0.6796796796796797 -76.3477777246006 38.01951557029751 0.0
0.6806806806806807 -76.3566813311851 38.038099549981084 0.0
0.6816816816816816 -76.3640762188456 38.0573263317674 0.0
0.6826826826826827 -76.36930054968425 38.07724511320596 0.0
0.6836836836836837 -76.3717935300662 38.09768075693908 0.0
0.6846846846846847 -76.37150133456437 38.118271098048254 0.0
0.6856856856856857 -76.36889471433673 38.138706178188 0.0
0.6866866866866866 -76.36473244233815 38.15888858015428 0.0
0.6876876876876877 -76.35982609537342 38.178905633366846 0.0
0.6886886886886887 -76.35464223196716 38.19885309341215 0.0
0.6896896896896897 -76.34970202155144 38.218861994344415 0.0
0.6906906906906907 -76.34507584704743 38.238945433333605 0.0
0.6916916916916916 -76.34108879453638 38.25916519574074 0.0
0.6926926926926927 -76.33763498049476 38.27948319151387 0.0
0.6936936936936937 -76.33483825873084 38.299901573957094 0.0
0.6946946946946947 -76.33280991173076 38.32041046132372 0.0
0.6956956956956957 -76.33159586070806 38.34098331475053 0.0
0.6966966966966966 -76.33129294790604 38.36158907126814 0.0
0.6976976976976977 -76.33205786580893 38.382181602563925 0.0
0.6986986986986987 -76.33411631793017 38.40268302134847 0.0
0.6996996996996997 -76.33776273483507 38.42295885459774 0.0
0.7007007007007007 -76.34281409027915 38.442936642492214 0.0
0.7017017017017017 -76.34926400764607 38.462502428463196 0.0
0.7027027027027027 -76.35652482190896 38.4817862374261 0.0
0.7037037037037037 -76.36440703295449 38.500827533210476 0.0
0.7047047047047047 -76.37251385775525 38.51977320721516 0.0
0.7057057057057057 -76.38053618303655 38.538756441014506 0.0
0.7067067067067067 -76.38801299352374 38.55796235383048 0.0
0.7077077077077077 -76.3948881063923 38.57738754463434 0.0
0.7087087087087087 -76.40121311783476 38.59699943215128 0.0
0.7097097097097097 -76.40661704523772 38.6168878441698 0.0
0.7107107107107107 -76.4113343779646 38.63694543387891 0.0
0.7117117117117117 -76.41502933522025 38.657220322789684 0.0
0.7127127127127127 -76.41799005848654 38.67761490198074 0.0
0.7137137137137137 -76.4200782569915 38.69811642482941 0.0
0.7147147147147147 -76.42104833354654 38.71870162327386 0.0
0.7157157157157157 -76.42106153482874 38.73930970365072 0.0
0.7167167167167167 -76.4200694885304 38.75989410389233 0.0
0.7177177177177178 -76.41778369910107 38.78037469686751 0.0
0.7187187187187187 -76.41444875456577 38.80071132360151 0.0
0.7197197197197197 -76.41024840891136 38.820887550344665 0.0
0.7207207207207207 -76.4046773670157 38.840728682831035 0.0
0.7217217217217218 -76.39843639819796 38.86036597909757 0.0
0.7227227227227228 -76.39132586955091 38.879710609141895 0.0
0.7237237237237237 -76.38340241322013 38.898731544742915 0.0
0.7247247247247247 -76.37496381986583 38.91752546344839 0.0
0.7257257257257257 -76.3660235098573 38.936083691475154 0.0
0.7267267267267268 -76.35642544554557 38.95430252649503 0.0
0.7277277277277278 -76.34566394352152 38.97183762840778 0.0
0.7287287287287287 -76.33250881079262 38.98755216805818 0.0
0.7297297297297297 -76.31395835635398 38.99100426838654 0.0
0.7307307307307307 -76.30009476262943 38.976382914881434 0.0
0.7317317317317318 -76.291640490216 38.957591238938576 0.0
0.7327327327327328 -76.28502628651422 38.93808880427624 0.0
0.7337337337337337 -76.27912643476554 38.918345274917264 0.0
0.7347347347347347 -76.2740751425045 38.898363812303195 0.0
0.7357357357357357 -76.26918014791768 38.878344747543935 0.0
0.7367367367367368 -76.26472942319485 38.85822098588596 0.0
0.7377377377377378 -76.26026213994555 38.8381008936931 0.0
0.7387387387387387 -76.25608778433353 38.81791814784202 0.0
0.7397397397397397 -76.25186963274814 38.797744365750894 0.0
0.7407407407407407 -76.24771748962391 38.77755711862871 0.0
0.7417417417417418 -76.24360557119209 38.75736141091322 0.0
0.7427427427427428 -76.23948761782536 38.73716702268164 0.0
0.7437437437437437 -76.23554484459412 38.716937614215446 0.0
0.7447447447447447 -76.23169177288457 38.696690974082586 0.0
0.7457457457457457 -76.22807247573199 38.67640154641026 0.0
0.7467467467467468 -76.22474473560251 38.656062136489 0.0
0.7477477477477478 -76.22170680454039 38.63567746949029 0.0
0.7487487487487487 -76.218985172909 38.61524822399524 0.0
0.7497497497497497 -76.21652184540721 38.59478597697593 0.0
0.7507507507507507 -76.21411569062504 38.5743168650867 0.0
0.7517517517517518 -76.21149211558549 38.55387492911025 0.0
0.7527527527527528 -76.20829074923358 38.53351673299378 0.0
0.7537537537537538 -76.2040287342557 38.51335766400617 0.0
0.7547547547547547 -76.19815180021692 38.493613429677694 0.0
0.7557557557557557 -76.1903073143289 38.474571354833486 0.0
0.7567567567567568 -76.18035333187088 38.45654171490151 0.0
0.7577577577577578 -76.16847984976626 38.43970749890572 0.0
0.7587587587587588 -76.1549221735253 38.42419494423734 0.0
0.7597597597597597 -76.1402613915618 38.409717798388016 0.0
0.7607607607607607 -76.12458250038489 38.39634543345754 0.0
0.7617617617617618 -76.10827630091241 38.383744951896375 0.0
0.7627627627627628 -76.09147497960006 38.37180985666978 0.0
0.7637637637637638 -76.0743384442675 38.36036043502296 0.0
0.7647647647647647 -76.05703532124146 38.3491635479489 0.0
0.7657657657657657 -76.03970972944931 38.338001301818444 0.0
0.7667667667667668 -76.02252925421341 38.32661765572555 0.0
0.7677677677677678 -76.00567407506874 38.314759824894765 0.0
0.7687687687687688 -75.98928971464746 38.30226070575489 0.0
0.7697697697697697 -75.97360554269115 38.28889405011148 0.0
0.7707707707707707 -75.95872082215352 38.27464407418252 0.0
0.7717717717717718 -75.944740241642 38.25950561353054 0.0
0.7727727727727728 -75.93168748264225 38.24356010864718 0.0
0.7737737737737738 -75.91953517307203 38.226917768433516 0.0
0.7747747747747747 -75.9082761362516 38.209656947501315 0.0
0.7757757757757757 -75.89783596784292 38.19188870116576 0.0
0.7767767767767768 -75.88810665002241 38.17372152599093 0.0
0.7777777777777778 -75.87900490245306 38.155231160574296 0.0
0.7787787787787788 -75.87043494285723 38.136487583683376 0.0
0.7797797797797797 -75.86231314482633 38.1175455241294 0.0
0.7807807807807807 -75.85449760525003 38.09847532151862 0.0
0.7817817817817818 -75.84688529861813 38.0793228770152 0.0
0.7827827827827828 -75.8394087433294 38.06011678718757 0.0
0.7837837837837838 -75.83210304196939 38.040845008196285 0.0
0.7847847847847848 -75.82496802632463 38.02150960110078 0.0
0.7857857857857858 -75.8181049374193 38.00207632037923 0.0
0.7867867867867868 -75.81172503218903 37.98247937639263 0.0
0.7877877877877878 -75.80607430962661 37.96266140213912 0.0
0.7887887887887888 -75.80141565856614 37.94258828086322 0.0
0.7897897897897898 -75.79805582568616 37.922259541584445 0.0
0.7907907907907908 -75.7962214184604 37.90173787226532 0.0
0.7917917917917918 -75.79605294598842 37.88113518940251 0.0
0.7927927927927928 -75.7975767500552 37.860587095725 0.0
0.7937937937937938 -75.80070306652706 37.84021955443796 0.0
0.7947947947947948 -75.80519530316963 37.820107792693115 0.0
0.7957957957957958 -75.8108323838576 37.800285527035705 0.0
0.7967967967967968 -75.81725085151758 37.780701646769366 0.0
0.7977977977977978 -75.8242173820923 37.76130502741199 0.0
0.7987987987987988 -75.83149554087184 37.74202312613451 0.0
0.7997997997997998 -75.83882708589508 37.72276126050606 0.0
0.8008008008008008 -75.84599479331303 37.70343802112197 0.0
0.8018018018018018 -75.8529216231188 37.68402779216018 0.0
0.8028028028028028 -75.85947086514699 37.664486247282134 0.0
0.8038038038038038 -75.86541093401766 37.644751860943316 0.0
0.8048048048048048 -75.87082032395855 37.624866269930834 0.0
0.8058058058058059 -75.8754128252069 37.60477582870344 0.0
0.8068068068068068 -75.87930689165684 37.58453880458092 0.0
0.8078078078078078 -75.88214507794356 37.564129249580425 0.0
0.8088088088088088 -75.88387286419204 37.5435956843324 0.0
0.8098098098098098 -75.88425151046195 37.52299562074424 0.0
0.8108108108108109 -75.88282841339404 37.50244648879999 0.0
0.8118118118118118 -75.87866205430026 37.482307893844464 0.0
0.8128128128128128 -75.86933087055345 37.46406826727105 0.0
0.8138138138138138 -75.85147677724915 37.4549676755029 0.0
0.8148148148148148 -75.8315226189009 37.45904174485056 0.0
0.8158158158158159 -75.81358745230054 37.46910800963056 0.0
0.8168168168168168 -75.79700817141484 37.48131873776188 0.0
0.8178178178178178 -75.78133073231477 37.4946888848161 0.0
0.8188188188188188 -75.76636836904967 37.5088558873711 0.0
0.8198198198198198 -75.75187490110882 37.52350430156763 0.0
0.8208208208208209 -75.73788826504324 37.53863791920206 0.0
0.8218218218218218 -75.72437224972546 37.554194972951414 0.0
0.8228228228228228 -75.71129956762718 37.570126514112694 0.0
0.8238238238238238 -75.69872060741878 37.58645081268582 0.0
0.8248248248248248 -75.68657100410634 37.6030974510729 0.0
0.8258258258258259 -75.67484553867149 37.62004555129694 0.0
0.8268268268268268 -75.66339121403003 37.63717845994307 0.0
0.8278278278278278 -75.65220167163287 37.65448569124406 0.0
0.8288288288288288 -75.64111639854843 37.67186029829931 0.0
0.8298298298298298 -75.63000079231945 37.689215147138924 0.0
0.8308308308308309 -75.6187733276179 37.70649766762923 0.0
0.8318318318318318 -75.60721327106396 37.72355943952166 0.0
0.8328328328328328 -75.59532598240408 37.74039449020742 0.0
0.8338338338338338 -75.5828717669875 37.75681492818239 0.0
0.8348348348348348 -75.5699901716131 37.77290138340768 0.0
0.8358358358358359 -75.5566298382499 37.788592928087695 0.0
0.8368368368368369 -75.54279332294111 37.803866201673145 0.0
0.8378378378378378 -75.52860778564917 37.81881674974842 0.0
0.8388388388388388 -75.5141106896063 37.833465546359754 0.0
0.8398398398398398 -75.49941660495621 37.847917179246174 0.0
0.8408408408408409 -75.48459598921522 37.86223910773743 0.0
0.8418418418418419 -75.46972345350461 37.8765072642946 0.0
0.8428428428428428 -75.45489388106999 37.89082002847864 0.0
0.8438438438438438 -75.4401476812701 37.90521867851253 0.0
0.8448448448448449 -75.42558087047793 37.919798671587394 0.0
0.8458458458458459 -75.41120626377068 37.934568107717055 0.0
0.8468468468468469 -75.3970822731739 37.949577270082116 0.0
0.8478478478478478 -75.38321659760192 37.96482530882044 0.0
0.8488488488488488 -75.36960062558458 37.98029681541314 0.0
0.8498498498498499 -75.3562760965537 37.99602004457798 0.0
0.8508508508508509 -75.34317928905102 38.011933493127984 0.0
0.8518518518518519 -75.33030179793955 38.02802502311145 0.0
0.8528528528528528 -75.31765820203967 38.044300964674875 0.0
0.8538538538538538 -75.30521454424073 38.06073026147375 0.0
0.8548548548548549 -75.29296514371713 38.07730490304767 0.0
0.8558558558558559 -75.28091347000309 38.094023882929406 0.0
0.8568568568568569 -75.26906949763722 38.11089068420421 0.0
0.8578578578578578 -75.2574438380533 38.12790866658543 0.0
0.8588588588588588 -75.24603092323835 38.14506996070108 0.0
0.8598598598598599 -75.23483304358284 38.16237228658922 0.0
0.8608608608608609 -75.2238609673802 38.17981868424967 0.0
0.8618618618618619 -75.21312814623928 38.197413295129564 0.0
0.8628628628628628 -75.20264934532456 38.21516030016154 0.0
0.8638638638638638 -75.19244623351041 38.23306716868319 0.0
0.8648648648648649 -75.18255639444598 38.2511488940105 0.0
0.8658658658658659 -75.17302765850764 38.26942347105293 0.0
0.8668668668668669 -75.16392295908229 38.287912758012126 0.0
0.8678678678678678 -75.15530418970746 38.306633039560566 0.0
0.8688688688688688 -75.14724332102881 38.32559979176048 0.0
0.8698698698698699 -75.13981206161681 38.344821978707216 0.0
0.8708708708708709 -75.13312917036666 38.36431666574802 0.0
0.8718718718718719 -75.12722979080556 38.384061842018696 0.0
0.8728728728728729 -75.12219136461427 38.40404417559637 0.0
0.8738738738738738 -75.11805864109962 38.42423270885109 0.0
0.8748748748748749 -75.1148616713821 38.44459070297978 0.0
0.8758758758758759 -75.11257957688576 38.46507155462497 0.0
0.8768768768768769 -75.11119180035367 38.485632607805115 0.0
0.8778778778778779 -75.1106567922019 38.506233751705885 0.0
0.8788788788788788 -75.11091853646171 38.5268404775162 0.0
0.8798798798798799 -75.11191414873554 38.547425094045494 0.0
0.8808808808808809 -75.11358970339727 38.567965801708745 0.0
0.8818818818818819 -75.1159068977632 38.58844423877268 0.0
0.8828828828828829 -75.11885352549918 38.60884169040709 0.0
0.8838838838838838 -75.1224774459325 38.62912954747926 0.0
0.8848848848848849 -75.12679389017603 38.64928148883945 0.0
0.8858858858858859 -75.13186053922156 38.66925753684011 0.0
0.8868868868868869 -75.1377498246226 38.6890068494384 0.0
0.8878878878878879 -75.14451614641304 38.70847240417185 0.0
0.8888888888888888 -75.15217234206852 38.727605042630735 0.0
0.8898898898898899 -75.1607132889827 38.74635958509743 0.0
0.8908908908908909 -75.17010111347335 38.76470543862849 0.0
0.8918918918918919 -75.18025133707133 38.78264130129316 0.0
0.8928928928928929 -75.19103973407228 38.80020124402931 0.0
0.8938938938938938 -75.20232742028367 38.81744489625845 0.0
0.8948948948948949 -75.21395953702105 38.83445833896455 0.0
0.8958958958958959 -75.22575826653143 38.851356900447456 0.0
0.8968968968968969 -75.23760690148785 38.86822057316338 0.0
0.8978978978978979 -75.2493302237224 38.88517145771948 0.0
0.8988988988988988 -75.26084003918803 38.90226760184797 0.0
0.8998998998998999 -75.2719937391058 38.91959829507806 0.0
0.9009009009009009 -75.28267279229689 38.93722495341664 0.0
0.9019019019019019 -75.29282190877845 38.95516105130972 0.0
0.9029029029029029 -75.30235675001401 38.97343102202055 0.0
0.9039039039039038 -75.31123761183679 38.99202782819474 0.0
0.9049049049049049 -75.31939950712348 39.01095185367066 0.0
0.9059059059059059 -75.32680554212472 39.03018431248684 0.0
0.9069069069069069 -75.33346743856156 39.049686004203124 0.0
0.9079079079079079 -75.33938694071782 39.069426759497844 0.0
0.908908908908909 -75.34440574683381 39.08941489277813 0.0
0.9099099099099099 -75.34856185647493 39.109600060010344 0.0
0.9109109109109109 -75.35154640999926 39.12998902683507 0.0
0.9119119119119119 -75.3529120854721 39.150547111666455 0.0
0.9129129129129129 -75.35183202113484 39.17110709090511 0.0
0.913913913913914 -75.34632332614817 39.190867457536726 0.0
0.914914914914915 -75.33351468975229 39.20665758754965 0.0
0.9159159159159159 -75.31495117249592 39.214922135110115 0.0
0.9169169169169169 -75.29449642524351 39.21682512783046 0.0
0.9179179179179179 -75.27396369580083 39.21526423286448 0.0
0.918918918918919 -75.25363145906027 39.211922562750786 0.0
0.91991991991992 -75.23351255326014 39.20746467560968 0.0
0.9209209209209209 -75.21354544298005 39.202358404596986 0.0
0.9219219219219219 -75.19369719563606 39.196809801403695 0.0
0.9229229229229229 -75.17392674755531 39.19098721869437 0.0
0.923923923923924 -75.1542639256102 39.184812587180886 0.0
0.924924924924925 -75.1346701947887 39.17842269863854 0.0
0.9259259259259259 -75.11519638869738 39.1716741737947 0.0
0.9269269269269269 -75.09587437222436 39.16450560186546 0.0
0.9279279279279279 -75.07672459780477 39.156890023138686 0.0
0.928928928928929 -75.05779201395039 39.148748346429386 0.0
0.92992992992993 -75.03910610511949 39.14005324333728 0.0
0.9309309309309309 -75.02068856280084 39.13080306147408 0.0
0.9319319319319319 -75.00245436341476 39.12119690099688 0.0
0.9329329329329329 -74.98427810541347 39.11148169235753 0.0
0.933933933933934 -74.9659725511329 39.10201473443692 0.0
0.934934934934935 -74.94729515597551 39.09331147973755 0.0
0.9359359359359359 -74.92802855144853 39.08601832554084 0.0
0.9369369369369369 -74.9080883442568 39.08087411888617 0.0
0.9379379379379379 -74.88763493944435 39.07853366121395 0.0
0.938938938938939 -74.86706736018422 39.079345218524814 0.0
0.93993993993994 -74.8468490476698 39.08321566828182 0.0
0.9409409409409409 -74.8273317951912 39.08977605546472 0.0
0.9419419419419419 -74.80866528173354 39.098484386242504 0.0
0.9429429429429429 -74.79090376492165 39.108927935668504 0.0
0.943943943943944 -74.77401224046028 39.12072725194564 0.0
0.944944944944945 -74.75780413457406 39.13345059979842 0.0
0.9459459459459459 -74.74221438070651 39.146929292096644 0.0
0.9469469469469469 -74.72709256566085 39.16093083194591 0.0
0.9479479479479479 -74.71225986976431 39.175239696118695 0.0
0.948948948948949 -74.69761434315586 39.1897402503584 0.0
0.94994994994995 -74.68296318790019 39.20423543114515 0.0
0.950950950950951 -74.66822338655506 39.2186403576078 0.0
0.9519519519519519 -74.65326231310391 39.23281498329985 0.0
0.9529529529529529 -74.63802329723663 39.246690203495454 0.0
0.953953953953954 -74.62248458040061 39.26022905757868 0.0
0.954954954954955 -74.60660913085682 39.273371530465376 0.0
0.955955955955956 -74.59048759198846 39.2862110429526 0.0
0.9569569569569569 -74.57415847822749 39.29878587171824 0.0
0.9579579579579579 -74.55770359170465 39.31119592718845 0.0
0.958958958958959 -74.54121377247358 39.32355960713689 0.0
0.95995995995996 -74.52477906059684 39.33599632111526 0.0
0.960960960960961 -74.50847286627456 39.34860084163283 0.0
0.9619619619619619 -74.4923821540765 39.36147912766357 0.0
0.9629629629629629 -74.47656928850668 39.374696679654186 0.0
0.963963963963964 -74.46104195149007 39.388248463999766 0.0
0.964964964964965 -74.44583965856845 39.40216392458228 0.0
0.965965965965966 -74.43091669909161 39.416378871443165 0.0
0.9669669669669669 -74.41621388137973 39.4308216711615 0.0
0.9679679679679679 -74.40164897223856 39.445403751898006 0.0
0.968968968968969 -74.3871233784551 39.46002501722885 0.0
0.96996996996997 -74.37253156714539 39.47458009453083 0.0
0.970970970970971 -74.35784558023875 39.489040025236264 0.0
0.9719719719719719 -74.3430126987951 39.50334904645599 0.0
0.972972972972973 -74.32808528397611 39.51755934258851 0.0
0.973973973973974 -74.31311402311337 39.531723334649726 0.0
0.974974974974975 -74.29816025141578 39.545905659634116 0.0
0.975975975975976 -74.28335158456358 39.5602394352257 0.0
0.9769769769769769 -74.26871872944507 39.57475223517859 0.0
0.977977977977978 -74.2544203926616 39.589594790133 0.0
0.978978978978979 -74.24047328089661 39.604767695195385 0.0
0.97997997997998 -74.2270304628125 39.62038895007861 0.0
0.980980980980981 -74.2141398368949 39.63646830944909 0.0
0.9819819819819819 -74.20183168362928 39.652997079659954 0.0
0.982982982982983 -74.19021883144293 39.670022264811806 0.0
0.983983983983984 -74.17936696541528 39.687542288583955 0.0
0.984984984984985 -74.1693070165533 39.70552806370665 0.0
0.985985985985986 -74.16006107047585 39.7239451401536 0.0
0.986986986986987 -74.15163835307126 39.7427529768553 0.0
0.987987987987988 -74.1440224983748 39.7619023162161 0.0
0.988988988988989 -74.13718057654948 39.781342313567635 0.0
0.98998998998999 -74.13103804174798 39.801014561429525 0.0
0.990990990990991 -74.12546514125215 39.82085626560739 0.0
0.991991991991992 -74.12037833850951 39.84082836339746 0.0
0.992992992992993 -74.11556101599652 39.8608674127351 0.0
0.993993993993994 -74.11090942987255 39.880945684350564 0.0
0.994994994994995 -74.10619623404835 39.90100954033623 0.0
0.995995995995996 -74.10131081030909 39.921032071670176 0.0
0.996996996996997 -74.0960834453903 39.94096781330167 0.0
0.997997997997998 -74.09045110340989 39.96079293365494 0.0
0.998998998998999 -74.0843227476606 39.98047035243202 0.0
1.0 -74.07773877738259 40.0 0.0
