  
 ------------------------
 2D Mesh Quality Measures
 ------------------------
  
Signed Area     Aspect Ratio    Condition       Edge Ratio      Jacobian        Minimum Angle   Maximum Angle   Area Sign       
      6.3743E-03      1.3385E+00      1.2648E+00      1.4698E+00      4.2630E-03      6.3829E+01      1.2743E+02      1.0000E+00
      8.1042E-03      1.1030E+00      1.0414E+00      1.1894E+00      7.6168E-03      7.8727E+01      1.0410E+02      1.0000E+00
      8.8656E-03      1.0693E+00      1.0284E+00      1.1305E+00      8.6120E-03      7.8952E+01      1.0161E+02      1.0000E+00
      9.2994E-03      1.0492E+00      1.0205E+00      1.0863E+00      9.1270E-03      7.9614E+01      1.0051E+02      1.0000E+00
      9.6104E-03      1.0337E+00      1.0160E+00      1.0520E+00      9.4821E-03      8.0149E+01      9.9769E+01      1.0000E+00
      9.8323E-03      1.0229E+00      1.0138E+00      1.0269E+00      9.7330E-03      8.0547E+01      9.9240E+01      1.0000E+00
      9.9733E-03      1.0169E+00      1.0130E+00      1.0109E+00      9.9026E-03      8.0814E+01      9.8845E+01      1.0000E+00
      1.0036E-02      1.0149E+00      1.0125E+00      1.0077E+00      9.9957E-03      8.1000E+01      9.8978E+01      1.0000E+00
      1.0052E-02      1.0143E+00      1.0121E+00      1.0057E+00      1.0004E-02      8.1402E+01      9.8856E+01      1.0000E+00
      1.0141E-02      1.0207E+00      1.0096E+00      1.0185E+00      1.0081E-02      8.2141E+01      9.7901E+01      1.0000E+00
      1.0061E-02      1.0269E+00      1.0094E+00      1.0408E+00      9.9041E-03      8.2278E+01      9.6904E+01      1.0000E+00
      9.4402E-03      1.0369E+00      1.0184E+00      1.0806E+00      9.0454E-03      8.0927E+01      1.0024E+02      1.0000E+00
      8.6546E-03      1.0758E+00      1.0292E+00      1.1390E+00      8.1506E-03      8.0268E+01      1.0259E+02      1.0000E+00
      8.1879E-03      1.0893E+00      1.0274E+00      1.1497E+00      7.9456E-03      8.0082E+01      1.0149E+02      1.0000E+00
      7.7388E-03      1.1295E+00      1.0360E+00      1.2273E+00      7.3246E-03      7.7316E+01      1.0040E+02      1.0000E+00
      6.5148E-03      1.5272E+00      1.2222E+00      1.7979E+00      4.0451E-03      6.7485E+01      1.2098E+02      1.0000E+00
      7.3802E-03      1.2954E+00      1.2836E+00      1.5758E+00      4.6222E-03      6.6673E+01      1.2711E+02      1.0000E+00
      9.0241E-03      1.0849E+00      1.0286E+00      1.1571E+00      8.1537E-03      8.2305E+01      1.0304E+02      1.0000E+00
      1.1067E-02      1.1321E+00      1.0376E+00      1.1893E+00      1.0152E-02      7.6156E+01      1.0239E+02      1.0000E+00
      1.0895E-02      1.1354E+00      1.0208E+00      1.2122E+00      9.7827E-03      8.1536E+01      9.7771E+01      1.0000E+00
      9.6529E-03      1.0242E+00      1.0019E+00      1.0371E+00      9.5202E-03      8.7012E+01      9.2783E+01      1.0000E+00
      9.7350E-03      1.0174E+00      1.0018E+00      1.0345E+00      9.6616E-03      8.7311E+01      9.3041E+01      1.0000E+00
      9.8240E-03      1.0109E+00      1.0014E+00      1.0236E+00      9.7799E-03      8.7300E+01      9.2758E+01      1.0000E+00
      9.8947E-03      1.0073E+00      1.0011E+00      1.0156E+00      9.8594E-03      8.7401E+01      9.2557E+01      1.0000E+00
      9.9500E-03      1.0049E+00      1.0010E+00      1.0094E+00      9.9212E-03      8.7469E+01      9.2450E+01      1.0000E+00
      9.9854E-03      1.0034E+00      1.0009E+00      1.0053E+00      9.9652E-03      8.7512E+01      9.2383E+01      1.0000E+00
      1.0005E-02      1.0031E+00      1.0009E+00      1.0037E+00      9.9947E-03      8.7582E+01      9.2405E+01      1.0000E+00
      1.0058E-02      1.0044E+00      1.0007E+00      1.0074E+00      1.0051E-02      8.7939E+01      9.2025E+01      1.0000E+00
      1.0356E-02      1.0123E+00      1.0004E+00      1.0299E+00      1.0234E-02      8.9326E+01      9.1065E+01      1.0000E+00
      1.1976E-02      1.0928E+00      1.0287E+00      1.1693E+00      1.0436E-02      7.6477E+01      9.6554E+01      1.0000E+00
      1.0140E-02      1.1678E+00      1.0332E+00      1.3004E+00      8.7303E-03      7.8720E+01      1.0216E+02      1.0000E+00
      7.7896E-03      1.0873E+00      1.0108E+00      1.1421E+00      6.9905E-03      8.5991E+01      9.7884E+01      1.0000E+00
      7.7232E-03      1.0885E+00      1.0138E+00      1.1360E+00      7.0669E-03      8.1496E+01      9.5999E+01      1.0000E+00
      1.0008E-02      1.1519E+00      1.0226E+00      1.2921E+00      8.6080E-03      8.1674E+01      9.9699E+01      1.0000E+00
      1.3232E-02      1.0865E+00      1.0544E+00      1.0653E+00      1.2890E-02      7.2440E+01      1.0839E+02      1.0000E+00
      1.1308E-02      1.0894E+00      1.0338E+00      1.2096E+00      9.6528E-03      8.1782E+01      1.0378E+02      1.0000E+00
      8.5288E-03      1.0928E+00      1.0282E+00      1.1978E+00      7.7368E-03      7.7250E+01      9.8723E+01      1.0000E+00
      6.7414E-03      1.4872E+00      1.2035E+00      1.7889E+00      4.0660E-03      6.7307E+01      1.2314E+02      1.0000E+00
      6.2888E-03      1.3699E+00      1.2249E+00      1.6255E+00      3.8736E-03      6.8566E+01      1.2474E+02      1.0000E+00
      8.3853E-03      1.0471E+00      1.0088E+00      1.1390E+00      7.6806E-03      8.5898E+01      9.5341E+01      1.0000E+00
      1.2152E-02      1.2375E+00      1.0525E+00      1.4193E+00      9.4223E-03      7.7889E+01      1.0487E+02      1.0000E+00
      1.2265E-02      1.2302E+00      1.0490E+00      1.3302E+00      1.0311E-02      7.7962E+01      9.9673E+01      1.0000E+00
      1.0782E-02      1.1222E+00      1.0181E+00      1.2024E+00      9.9019E-03      8.2525E+01      9.5370E+01      1.0000E+00
      1.0843E-02      1.1213E+00      1.0260E+00      1.1699E+00      1.0063E-02      7.9484E+01      1.0005E+02      1.0000E+00
      1.0100E-02      1.0163E+00      1.0009E+00      1.0432E+00      9.9239E-03      8.8984E+01      9.0958E+01      1.0000E+00
      1.0234E-02      1.0096E+00      1.0002E+00      1.0154E+00      1.0161E-02      8.9223E+01      9.0586E+01      1.0000E+00
      1.0121E-02      1.0042E+00      1.0003E+00      1.0093E+00      1.0042E-02      8.8579E+01      9.1041E+01      1.0000E+00
      1.0027E-02      1.0026E+00      1.0001E+00      1.0046E+00      1.0007E-02      8.9257E+01      9.0648E+01      1.0000E+00
      1.0001E-02      1.0014E+00      1.0000E+00      1.0023E+00      9.9961E-03      8.9542E+01      9.0449E+01      1.0000E+00
      9.9961E-03      1.0006E+00      1.0000E+00      1.0012E+00      9.9941E-03      8.9641E+01      9.0362E+01      1.0000E+00
      9.9981E-03      1.0005E+00      1.0000E+00      1.0009E+00      9.9958E-03      8.9654E+01      9.0333E+01      1.0000E+00
      1.0004E-02      1.0009E+00      1.0000E+00      1.0016E+00      1.0000E-02      8.9695E+01      9.0319E+01      1.0000E+00
      1.0028E-02      1.0047E+00      1.0000E+00      1.0089E+00      9.9999E-03      8.9881E+01      9.0201E+01      1.0000E+00
      1.0089E-02      1.0258E+00      1.0010E+00      1.0409E+00      9.9095E-03      8.8166E+01      9.1424E+01      1.0000E+00
      1.0396E-02      1.1726E+00      1.0303E+00      1.2823E+00      9.0809E-03      8.0525E+01      9.9770E+01      1.0000E+00
      1.0691E-02      1.1888E+00      1.0306E+00      1.3105E+00      9.1902E-03      8.1104E+01      9.8348E+01      1.0000E+00
      1.0248E-02      1.0311E+00      1.0035E+00      1.0478E+00      9.9673E-03      8.6177E+01      9.4763E+01      1.0000E+00
      9.9442E-03      1.0223E+00      1.0026E+00      1.0446E+00      9.7729E-03      8.6110E+01      9.3019E+01      1.0000E+00
      1.1486E-02      1.1084E+00      1.0439E+00      1.2062E+00      1.0038E-02      7.3378E+01      1.0020E+02      1.0000E+00
      1.0981E-02      1.0995E+00      1.0274E+00      1.2210E+00      9.2887E-03      8.3440E+01      1.0257E+02      1.0000E+00
      8.1400E-03      1.1020E+00      1.0345E+00      1.2404E+00      7.2225E-03      7.7252E+01      9.8427E+01      1.0000E+00
      6.1528E-03      1.4790E+00      1.2243E+00      1.7410E+00      3.7080E-03      6.6326E+01      1.2487E+02      1.0000E+00
      8.5755E-03      1.2745E+00      1.2756E+00      1.4433E+00      4.9881E-03      7.3364E+01      1.2837E+02      1.0000E+00
      1.1106E-02      1.0267E+00      1.0136E+00      1.0381E+00      1.0788E-02      8.1647E+01      9.9352E+01      1.0000E+00
      8.9395E-03      1.1046E+00      1.0458E+00      1.2844E+00      7.7323E-03      7.6802E+01      1.0175E+02      1.0000E+00
      5.7860E-03      1.3902E+00      1.2326E+00      1.6695E+00      3.4862E-03      6.8355E+01      1.2516E+02      1.0000E+00
      5.6962E-03      1.3950E+00      1.2640E+00      1.6626E+00      3.3401E-03      6.7666E+01      1.2723E+02      1.0000E+00
      9.1614E-03      1.1264E+00      1.0558E+00      1.3229E+00      7.8547E-03      7.6125E+01      1.0427E+02      1.0000E+00
      1.0627E-02      1.0383E+00      1.0043E+00      1.0684E+00      1.0102E-02      8.4864E+01      9.3207E+01      1.0000E+00
      1.0082E-02      1.0060E+00      1.0002E+00      1.0125E+00      9.9857E-03      8.8981E+01      9.0631E+01      1.0000E+00
      1.0117E-02      1.0023E+00      1.0001E+00      1.0044E+00      1.0075E-02      8.9037E+01      9.0729E+01      1.0000E+00
      1.0052E-02      1.0016E+00      1.0000E+00      1.0030E+00      1.0026E-02      8.9519E+01      9.0342E+01      1.0000E+00
      1.0016E-02      1.0007E+00      1.0000E+00      1.0014E+00      1.0005E-02      8.9820E+01      9.0122E+01      1.0000E+00
      1.0003E-02      1.0002E+00      1.0000E+00      1.0003E+00      1.0001E-02      8.9952E+01      9.0039E+01      1.0000E+00
      1.0001E-02      1.0005E+00      1.0000E+00      1.0013E+00      9.9970E-03      8.9973E+01      9.0036E+01      1.0000E+00
      9.9769E-03      1.0039E+00      1.0001E+00      1.0096E+00      9.9338E-03      8.9685E+01      9.0179E+01      1.0000E+00
      9.6618E-03      1.0189E+00      1.0010E+00      1.0442E+00      9.3831E-03      8.8205E+01      9.1501E+01      1.0000E+00
      8.0784E-03      1.0684E+00      1.0063E+00      1.1433E+00      7.3124E-03      8.3894E+01      9.4764E+01      1.0000E+00
      8.1780E-03      1.0731E+00      1.0072E+00      1.1485E+00      7.3784E-03      8.3516E+01      9.4745E+01      1.0000E+00
      9.7982E-03      1.0162E+00      1.0008E+00      1.0380E+00      9.4963E-03      8.7801E+01      9.1328E+01      1.0000E+00
      1.0241E-02      1.0122E+00      1.0009E+00      1.0240E+00      1.0058E-02      8.7645E+01      9.1341E+01      1.0000E+00
      1.0424E-02      1.0101E+00      1.0019E+00      1.0300E+00      1.0246E-02      8.6638E+01      9.3053E+01      1.0000E+00
      1.0209E-02      1.0207E+00      1.0021E+00      1.0339E+00      9.9821E-03      8.6955E+01      9.3654E+01      1.0000E+00
      9.7757E-03      1.0292E+00      1.0030E+00      1.0646E+00      9.4393E-03      8.5788E+01      9.2613E+01      1.0000E+00
      1.0623E-02      1.0891E+00      1.0208E+00      1.1690E+00      9.9177E-03      7.9317E+01      9.7057E+01      1.0000E+00
      8.6555E-03      1.3597E+00      1.2912E+00      1.5662E+00      4.9239E-03      7.0660E+01      1.2919E+02      1.0000E+00
      6.6575E-03      1.3325E+00      1.2690E+00      1.6641E+00      3.8870E-03      6.9571E+01      1.2668E+02      1.0000E+00
      1.0598E-02      1.1667E+00      1.0305E+00      1.3097E+00      8.9992E-03      7.8327E+01      9.9707E+01      1.0000E+00
      1.1919E-02      1.1023E+00      1.0349E+00      1.1618E+00      1.0611E-02      7.5266E+01      9.9882E+01      1.0000E+00
      7.4281E-03      1.2948E+00      1.4529E+00      1.4185E+00      3.9052E-03      6.8899E+01      1.3651E+02      1.0000E+00
      7.0830E-03      1.3103E+00      1.5188E+00      1.4044E+00      3.6814E-03      6.6200E+01      1.3882E+02      1.0000E+00
      1.0012E-02      1.0033E+00      1.0002E+00      1.0065E+00      9.9500E-03      8.8998E+01      9.0655E+01      1.0000E+00
      1.0073E-02      1.0057E+00      1.0002E+00      1.0119E+00      9.9736E-03      8.8918E+01      9.0622E+01      1.0000E+00
      1.0143E-02      1.0055E+00      1.0002E+00      1.0099E+00      1.0068E-02      8.8791E+01      9.0833E+01      1.0000E+00
      1.0040E-02      1.0015E+00      1.0000E+00      1.0031E+00      1.0019E-02      8.9656E+01      9.0231E+01      1.0000E+00
      1.0007E-02      1.0003E+00      1.0000E+00      1.0007E+00      1.0003E-02      8.9936E+01      9.0042E+01      1.0000E+00
      1.0002E-02      1.0005E+00      1.0000E+00      1.0013E+00      9.9973E-03      8.9954E+01      9.0033E+01      1.0000E+00
      9.9773E-03      1.0039E+00      1.0001E+00      1.0096E+00      9.9343E-03      8.9659E+01      9.0197E+01      1.0000E+00
      9.6623E-03      1.0188E+00      1.0010E+00      1.0441E+00      9.3840E-03      8.8180E+01      9.1472E+01      1.0000E+00
      8.0795E-03      1.0684E+00      1.0063E+00      1.1433E+00      7.3133E-03      8.3866E+01      9.4738E+01      1.0000E+00
      8.2670E-03      1.0835E+00      1.0108E+00      1.1644E+00      7.3885E-03      8.2015E+01      9.4399E+01      1.0000E+00
      1.0017E-02      1.0363E+00      1.0025E+00      1.0576E+00      9.6366E-03      8.6337E+01      9.2338E+01      1.0000E+00
      1.0356E-02      1.0306E+00      1.0019E+00      1.0627E+00      1.0228E-02      8.9623E+01      9.1061E+01      1.0000E+00
      1.0397E-02      1.0288E+00      1.0022E+00      1.0649E+00      1.0301E-02      8.8664E+01      9.1464E+01      1.0000E+00
      1.0393E-02      1.0270E+00      1.0018E+00      1.0432E+00      1.0287E-02      8.7480E+01      9.2507E+01      1.0000E+00
      1.0339E-02      1.0092E+00      1.0012E+00      1.0141E+00      1.0252E-02      8.7319E+01      9.2835E+01      1.0000E+00
      1.0454E-02      1.0176E+00      1.0019E+00      1.0280E+00      1.0398E-02      8.6858E+01      9.3115E+01      1.0000E+00
      1.1965E-02      1.1283E+00      1.0433E+00      1.2078E+00      1.0486E-02      7.3873E+01      1.0087E+02      1.0000E+00
      1.0192E-02      1.1400E+00      1.0358E+00      1.3448E+00      8.4183E-03      8.1554E+01      1.0159E+02      1.0000E+00
      6.4859E-03      1.4247E+00      1.2640E+00      1.7401E+00      3.7919E-03      6.6531E+01      1.2679E+02      1.0000E+00
      7.8048E-03      1.2364E+00      1.3075E+00      1.3560E+00      4.6864E-03      7.1960E+01      1.3010E+02      1.0000E+00
      1.0570E-02      1.0277E+00      1.0071E+00      1.0520E+00      1.0094E-02      8.3182E+01      9.4385E+01      1.0000E+00
      1.0727E-02      1.0432E+00      1.0085E+00      1.0868E+00      9.9519E-03      8.2559E+01      9.3488E+01      1.0000E+00
      7.4561E-03      1.3082E+00      1.4648E+00      1.4353E+00      3.8923E-03      6.8284E+01      1.3694E+02      1.0000E+00
      7.0793E-03      1.3103E+00      1.5186E+00      1.4041E+00      3.6787E-03      6.6225E+01      1.3881E+02      1.0000E+00
      1.0589E-02      1.0361E+00      1.0044E+00      1.0654E+00      1.0075E-02      8.4744E+01      9.3244E+01      1.0000E+00
      1.0149E-02      1.0051E+00      1.0002E+00      1.0099E+00      1.0096E-02      8.9206E+01      9.1080E+01      1.0000E+00
      1.0062E-02      1.0023E+00      1.0000E+00      1.0043E+00      1.0045E-02      8.9514E+01      9.0398E+01      1.0000E+00
      1.0020E-02      1.0010E+00      1.0000E+00      1.0018E+00      1.0009E-02      8.9828E+01      9.0125E+01      1.0000E+00
      1.0008E-02      1.0006E+00      1.0000E+00      1.0012E+00      1.0005E-02      8.9926E+01      9.0053E+01      1.0000E+00
      1.0031E-02      1.0043E+00      1.0000E+00      1.0080E+00      1.0006E-02      8.9552E+01      9.0339E+01      1.0000E+00
      1.0095E-02      1.0252E+00      1.0012E+00      1.0396E+00      9.9198E-03      8.7839E+01      9.1783E+01      1.0000E+00
      1.0406E-02      1.1720E+00      1.0292E+00      1.2822E+00      9.0939E-03      8.0874E+01      9.9380E+01      1.0000E+00
      1.0626E-02      1.1650E+00      1.0239E+00      1.2726E+00      9.3103E-03      8.2260E+01      9.7334E+01      1.0000E+00
      1.1294E-02      1.1206E+00      1.0332E+00      1.1769E+00      1.0128E-02      7.6300E+01      1.0075E+02      1.0000E+00
      1.0794E-02      1.1431E+00      1.0273E+00      1.2235E+00      9.9259E-03      8.3383E+01      9.8043E+01      1.0000E+00
      1.0768E-02      1.1467E+00      1.0290E+00      1.2299E+00      9.8791E-03      8.3065E+01      9.8477E+01      1.0000E+00
      1.1183E-02      1.1269E+00      1.0299E+00      1.1797E+00      1.0227E-02      7.8051E+01      1.0073E+02      1.0000E+00
      1.0249E-02      1.0069E+00      1.0013E+00      1.0179E+00      1.0162E-02      8.7357E+01      9.2814E+01      1.0000E+00
      1.0411E-02      1.0090E+00      1.0014E+00      1.0124E+00      1.0324E-02      8.6984E+01      9.2759E+01      1.0000E+00
      1.0429E-02      1.0153E+00      1.0019E+00      1.0235E+00      1.0277E-02      8.6802E+01      9.3524E+01      1.0000E+00
      1.0080E-02      1.0143E+00      1.0023E+00      1.0463E+00      9.8243E-03      8.6753E+01      9.2858E+01      1.0000E+00
      1.0377E-02      1.0898E+00      1.0140E+00      1.1379E+00      9.9069E-03      8.3059E+01      9.6534E+01      1.0000E+00
      7.7250E-03      1.2938E+00      1.3142E+00      1.4190E+00      4.6628E-03      6.8977E+01      1.3043E+02      1.0000E+00
      6.3761E-03      1.3446E+00      1.2263E+00      1.5512E+00      4.1309E-03      6.6993E+01      1.2486E+02      1.0000E+00
      1.0298E-02      1.0268E+00      1.0057E+00      1.0642E+00      9.8467E-03      8.3896E+01      9.4419E+01      1.0000E+00
      9.9513E-03      1.0098E+00      1.0008E+00      1.0197E+00      9.7673E-03      8.7730E+01      9.1242E+01      1.0000E+00
      9.2566E-03      1.1257E+00      1.0531E+00      1.3340E+00      7.8915E-03      7.7146E+01      1.0334E+02      1.0000E+00
      9.1089E-03      1.1252E+00      1.0565E+00      1.3277E+00      7.8010E-03      7.6241E+01      1.0407E+02      1.0000E+00
      9.8631E-03      1.0142E+00      1.0005E+00      1.0297E+00      9.6251E-03      8.8168E+01      9.0933E+01      1.0000E+00
      1.0148E-02      1.0115E+00      1.0004E+00      1.0166E+00      1.0075E-02      8.8706E+01      9.1237E+01      1.0000E+00
      1.0053E-02      1.0024E+00      1.0000E+00      1.0037E+00      1.0033E-02      8.9690E+01      9.0258E+01      1.0000E+00
      1.0023E-02      1.0003E+00      1.0000E+00      1.0006E+00      1.0022E-02      8.9927E+01      9.0065E+01      1.0000E+00
      1.0079E-02      1.0019E+00      1.0000E+00      1.0043E+00      1.0058E-02      8.9447E+01      9.0468E+01      1.0000E+00
      1.0400E-02      1.0102E+00      1.0013E+00      1.0256E+00      1.0253E-02      8.7117E+01      9.2445E+01      1.0000E+00
      1.2065E-02      1.0920E+00      1.0389E+00      1.1607E+00      1.0508E-02      7.4273E+01      9.8398E+01      1.0000E+00
      1.0414E-02      1.1718E+00      1.0292E+00      1.2821E+00      9.0986E-03      8.0875E+01      9.9411E+01      1.0000E+00
      8.1243E-03      1.0718E+00      1.0061E+00      1.1473E+00      7.3450E-03      8.4068E+01      9.5079E+01      1.0000E+00
      8.2584E-03      1.0832E+00      1.0110E+00      1.1642E+00      7.3803E-03      8.1953E+01      9.4438E+01      1.0000E+00
      1.0625E-02      1.1650E+00      1.0239E+00      1.2726E+00      9.3095E-03      8.2255E+01      9.7329E+01      1.0000E+00
      1.2345E-02      1.0922E+00      1.0551E+00      1.1270E+00      1.1148E-02      7.1406E+01      1.0317E+02      1.0000E+00
      7.3531E-03      1.3100E+00      1.3543E+00      1.5533E+00      3.6601E-03      7.3812E+01      1.3240E+02      1.0000E+00
      6.9929E-03      1.3008E+00      1.3964E+00      1.5037E+00      3.4815E-03      7.4208E+01      1.3427E+02      1.0000E+00
      1.0292E-02      1.0196E+00      1.0067E+00      1.0315E+00      1.0000E-02      8.3388E+01      9.5003E+01      1.0000E+00
      1.0231E-02      1.0069E+00      1.0012E+00      1.0173E+00      1.0161E-02      8.7504E+01      9.2621E+01      1.0000E+00
      1.0281E-02      1.0116E+00      1.0008E+00      1.0188E+00      1.0189E-02      8.7780E+01      9.1908E+01      1.0000E+00
      1.0187E-02      1.0087E+00      1.0004E+00      1.0149E+00      1.0130E-02      8.8658E+01      9.1551E+01      1.0000E+00
      1.0072E-02      1.0151E+00      1.0008E+00      1.0369E+00      9.9270E-03      8.8945E+01      9.1512E+01      1.0000E+00
      1.0044E-02      1.0954E+00      1.0124E+00      1.1384E+00      9.3310E-03      8.4939E+01      9.6400E+01      1.0000E+00
      6.2084E-03      1.2599E+00      1.2570E+00      1.5222E+00      4.0147E-03      6.8028E+01      1.2559E+02      1.0000E+00
      8.6876E-03      1.0639E+00      1.0158E+00      1.1872E+00      8.0555E-03      8.6198E+01      9.5181E+01      1.0000E+00
      9.9391E-03      1.0158E+00      1.0009E+00      1.0355E+00      9.6749E-03      8.7543E+01      9.1386E+01      1.0000E+00
      1.0754E-02      1.1113E+00      1.0233E+00      1.1614E+00      9.9400E-03      7.9617E+01      1.0048E+02      1.0000E+00
      5.6875E-03      1.4045E+00      1.2612E+00      1.6680E+00      3.3205E-03      6.7798E+01      1.2716E+02      1.0000E+00
      5.6517E-03      1.4034E+00      1.2662E+00      1.6646E+00      3.3048E-03      6.7443E+01      1.2743E+02      1.0000E+00
      1.0705E-02      1.1167E+00      1.0229E+00      1.1690E+00      9.8641E-03      8.0009E+01      9.9915E+01      1.0000E+00
      1.0317E-02      1.0212E+00      1.0008E+00      1.0348E+00      1.0209E-02      8.8744E+01      9.1432E+01      1.0000E+00
      1.0136E-02      1.0018E+00      1.0000E+00      1.0035E+00      1.0102E-02      8.9798E+01      9.0173E+01      1.0000E+00
      1.0088E-02      1.0059E+00      1.0001E+00      1.0124E+00      1.0065E-02      8.9906E+01      9.0194E+01      1.0000E+00
      1.0127E-02      1.0062E+00      1.0001E+00      1.0142E+00      1.0086E-02      8.9333E+01      9.0543E+01      1.0000E+00
      1.0319E-02      1.0109E+00      1.0010E+00      1.0228E+00      1.0163E-02      8.7502E+01      9.1726E+01      1.0000E+00
      1.0438E-02      1.0106E+00      1.0015E+00      1.0272E+00      1.0311E-02      8.7034E+01      9.2708E+01      1.0000E+00
      1.0124E-02      1.0260E+00      1.0013E+00      1.0409E+00      9.9350E-03      8.7684E+01      9.1868E+01      1.0000E+00
      9.7425E-03      1.0161E+00      1.0007E+00      1.0395E+00      9.4406E-03      8.8324E+01      9.1869E+01      1.0000E+00
      9.9994E-03      1.0358E+00      1.0026E+00      1.0573E+00      9.6183E-03      8.6218E+01      9.2403E+01      1.0000E+00
      1.1292E-02      1.1206E+00      1.0332E+00      1.1768E+00      1.0125E-02      7.6288E+01      1.0076E+02      1.0000E+00
      7.3530E-03      1.3100E+00      1.3543E+00      1.5533E+00      3.6600E-03      7.3812E+01      1.3240E+02      1.0000E+00
      6.9912E-03      1.3007E+00      1.3966E+00      1.5037E+00      3.4807E-03      7.4202E+01      1.3427E+02      1.0000E+00
      1.1170E-02      1.1268E+00      1.0297E+00      1.1802E+00      1.0209E-02      7.8098E+01      1.0063E+02      1.0000E+00
      1.0358E-02      1.0243E+00      1.0014E+00      1.0407E+00      1.0268E-02      8.7973E+01      9.1956E+01      1.0000E+00
      1.0121E-02      1.0044E+00      1.0001E+00      1.0089E+00      1.0116E-02      8.9367E+01      9.0623E+01      1.0000E+00
      1.0063E-02      1.0078E+00      1.0002E+00      1.0117E+00      9.9935E-03      8.9250E+01      9.0926E+01      1.0000E+00
      9.6102E-03      1.0194E+00      1.0007E+00      1.0364E+00      9.3989E-03      8.8489E+01      9.1976E+01      1.0000E+00
      8.3830E-03      1.0557E+00      1.0147E+00      1.1024E+00      7.6119E-03      8.5292E+01      9.9759E+01      1.0000E+00
      9.8997E-03      1.0590E+00      1.0061E+00      1.1166E+00      9.4676E-03      8.7431E+01      9.2466E+01      1.0000E+00
      1.0181E-02      1.0170E+00      1.0006E+00      1.0337E+00      1.0050E-02      8.9590E+01      9.1108E+01      1.0000E+00
      1.0824E-02      1.1055E+00      1.0158E+00      1.1556E+00      1.0190E-02      8.3181E+01      9.6481E+01      1.0000E+00
      1.0912E-02      1.1046E+00      1.0167E+00      1.1537E+00      1.0304E-02      8.2740E+01      9.7040E+01      1.0000E+00
      1.0483E-02      1.0199E+00      1.0012E+00      1.0469E+00      1.0343E-02      8.8565E+01      9.1057E+01      1.0000E+00
      1.0363E-02      1.0190E+00      1.0008E+00      1.0287E+00      1.0262E-02      8.8320E+01      9.1641E+01      1.0000E+00
      1.0323E-02      1.0257E+00      1.0014E+00      1.0542E+00      1.0249E-02      8.9430E+01      9.0841E+01      1.0000E+00
      1.0330E-02      1.0254E+00      1.0015E+00      1.0552E+00      1.0260E-02      8.9193E+01      9.0960E+01      1.0000E+00
      1.0341E-02      1.0223E+00      1.0012E+00      1.0392E+00      1.0251E-02      8.8188E+01      9.2042E+01      1.0000E+00
      1.0237E-02      1.0140E+00      1.0007E+00      1.0213E+00      1.0170E-02      8.8155E+01      9.1885E+01      1.0000E+00
      1.0124E-02      1.0069E+00      1.0002E+00      1.0130E+00      1.0068E-02      8.8867E+01      9.0856E+01      1.0000E+00
      1.0106E-02      1.0083E+00      1.0001E+00      1.0155E+00      1.0009E-02      8.9205E+01      9.0308E+01      1.0000E+00
      1.0326E-02      1.0298E+00      1.0018E+00      1.0604E+00      1.0211E-02      8.9457E+01      9.1177E+01      1.0000E+00
      1.0791E-02      1.1431E+00      1.0272E+00      1.2233E+00      9.9237E-03      8.3395E+01      9.8022E+01      1.0000E+00
      1.0754E-02      1.1468E+00      1.0291E+00      1.2301E+00      9.8676E-03      8.3049E+01      9.8481E+01      1.0000E+00
      1.0334E-02      1.0287E+00      1.0019E+00      1.0627E+00      1.0250E-02      8.9179E+01      9.1008E+01      1.0000E+00
      1.0089E-02      1.0061E+00      1.0001E+00      1.0140E+00      1.0067E-02      8.9692E+01      9.0327E+01      1.0000E+00
      1.0001E-02      1.0005E+00      1.0000E+00      1.0013E+00      9.9946E-03      8.9911E+01      9.0106E+01      1.0000E+00
      9.8350E-03      1.0086E+00      1.0002E+00      1.0176E+00      9.7906E-03      8.9674E+01      9.0566E+01      1.0000E+00
      9.6077E-03      1.0232E+00      1.0017E+00      1.0560E+00      9.4582E-03      8.8377E+01      9.1251E+01      1.0000E+00
      9.8997E-03      1.0590E+00      1.0061E+00      1.1166E+00      9.4676E-03      8.7431E+01      9.2466E+01      1.0000E+00
      1.0181E-02      1.0170E+00      1.0006E+00      1.0337E+00      1.0050E-02      8.9590E+01      9.1108E+01      1.0000E+00
      1.0824E-02      1.1055E+00      1.0158E+00      1.1556E+00      1.0190E-02      8.3181E+01      9.6481E+01      1.0000E+00
      1.1181E-02      1.1122E+00      1.0145E+00      1.1584E+00      1.0456E-02      8.4561E+01      9.5294E+01      1.0000E+00
      1.0325E-02      1.0280E+00      1.0021E+00      1.0496E+00      1.0091E-02      8.6701E+01      9.2339E+01      1.0000E+00
      1.0864E-02      1.1194E+00      1.0267E+00      1.1668E+00      1.0019E-02      7.8926E+01      1.0115E+02      1.0000E+00
      1.0771E-02      1.1219E+00      1.0204E+00      1.1802E+00      1.0073E-02      8.3450E+01      9.7169E+01      1.0000E+00
      1.0764E-02      1.1230E+00      1.0207E+00      1.1819E+00      1.0064E-02      8.3425E+01      9.7191E+01      1.0000E+00
      1.0792E-02      1.1239E+00      1.0276E+00      1.1632E+00      9.9754E-03      7.8987E+01      1.0103E+02      1.0000E+00
      1.0018E-02      1.0227E+00      1.0016E+00      1.0452E+00      9.7735E-03      8.6971E+01      9.1633E+01      1.0000E+00
      1.0345E-02      1.0063E+00      1.0010E+00      1.0181E+00      1.0242E-02      8.7535E+01      9.2277E+01      1.0000E+00
      1.0307E-02      1.0131E+00      1.0009E+00      1.0278E+00      1.0140E-02      8.7691E+01      9.1499E+01      1.0000E+00
      1.0383E-02      1.0272E+00      1.0021E+00      1.0627E+00      1.0299E-02      8.8755E+01      9.1250E+01      1.0000E+00
      1.0767E-02      1.1468E+00      1.0291E+00      1.2299E+00      9.8759E-03      8.3048E+01      9.8498E+01      1.0000E+00
      1.0754E-02      1.1468E+00      1.0291E+00      1.2301E+00      9.8676E-03      8.3050E+01      9.8481E+01      1.0000E+00
      1.0334E-02      1.0287E+00      1.0019E+00      1.0627E+00      1.0249E-02      8.9179E+01      9.1011E+01      1.0000E+00
      1.0089E-02      1.0060E+00      1.0001E+00      1.0139E+00      1.0065E-02      8.9686E+01      9.0350E+01      1.0000E+00
      1.0004E-02      1.0016E+00      1.0000E+00      1.0029E+00      9.9979E-03      8.9851E+01      9.0166E+01      1.0000E+00
      9.8548E-03      1.0119E+00      1.0004E+00      1.0280E+00      9.7886E-03      8.9645E+01      9.0405E+01      1.0000E+00
      9.7833E-03      1.0600E+00      1.0065E+00      1.1211E+00      9.3793E-03      8.7400E+01      9.2150E+01      1.0000E+00
      8.6876E-03      1.0639E+00      1.0158E+00      1.1872E+00      8.0555E-03      8.6198E+01      9.5181E+01      1.0000E+00
      9.9391E-03      1.0158E+00      1.0009E+00      1.0355E+00      9.6749E-03      8.7543E+01      9.1386E+01      1.0000E+00
      1.0754E-02      1.1113E+00      1.0233E+00      1.1614E+00      9.9400E-03      7.9617E+01      1.0048E+02      1.0000E+00
      5.6875E-03      1.4045E+00      1.2612E+00      1.6680E+00      3.3205E-03      6.7798E+01      1.2716E+02      1.0000E+00
      5.8913E-03      1.4045E+00      1.2309E+00      1.6966E+00      3.4399E-03      6.9625E+01      1.2522E+02      1.0000E+00
      1.2492E-02      1.0643E+00      1.0529E+00      1.1239E+00      1.1435E-02      7.5348E+01      1.0744E+02      1.0000E+00
      9.9905E-03      1.1748E+00      1.0342E+00      1.3704E+00      8.2631E-03      7.9909E+01      1.0195E+02      1.0000E+00
      5.7683E-03      1.3972E+00      1.2676E+00      1.7706E+00      3.1644E-03      7.0382E+01      1.2692E+02      1.0000E+00
      5.7195E-03      1.3914E+00      1.2743E+00      1.7685E+00      3.1301E-03      7.0294E+01      1.2723E+02      1.0000E+00
      9.7072E-03      1.1874E+00      1.0366E+00      1.3657E+00      8.1172E-03      7.8181E+01      1.0280E+02      1.0000E+00
      1.1771E-02      1.0778E+00      1.0297E+00      1.1383E+00      1.0433E-02      7.6197E+01      9.7341E+01      1.0000E+00
      1.0403E-02      1.0086E+00      1.0013E+00      1.0241E+00      1.0313E-02      8.7411E+01      9.2637E+01      1.0000E+00
      1.0421E-02      1.0254E+00      1.0017E+00      1.0424E+00      1.0339E-02      8.7676E+01      9.2374E+01      1.0000E+00
      1.1183E-02      1.1269E+00      1.0299E+00      1.1802E+00      1.0230E-02      7.8072E+01      1.0069E+02      1.0000E+00
      6.9913E-03      1.3006E+00      1.3966E+00      1.5034E+00      3.4809E-03      7.4202E+01      1.3427E+02      1.0000E+00
      6.9912E-03      1.3008E+00      1.3966E+00      1.5037E+00      3.4807E-03      7.4199E+01      1.3427E+02      1.0000E+00
      1.1170E-02      1.1268E+00      1.0297E+00      1.1801E+00      1.0209E-02      7.8099E+01      1.0063E+02      1.0000E+00
      1.0359E-02      1.0243E+00      1.0013E+00      1.0402E+00      1.0268E-02      8.7976E+01      9.1970E+01      1.0000E+00
      1.0123E-02      1.0038E+00      1.0001E+00      1.0080E+00      1.0107E-02      8.9356E+01      9.0703E+01      1.0000E+00
      1.0077E-02      1.0043E+00      1.0001E+00      1.0091E+00      1.0030E-02      8.9093E+01      9.0681E+01      1.0000E+00
      9.6677E-03      1.0254E+00      1.0012E+00      1.0508E+00      9.4866E-03      8.9063E+01      9.1212E+01      1.0000E+00
      8.6179E-03      1.0680E+00      1.0170E+00      1.1941E+00      8.0003E-03      8.6020E+01      9.5402E+01      1.0000E+00
      6.3761E-03      1.3446E+00      1.2263E+00      1.5512E+00      4.1309E-03      6.6993E+01      1.2486E+02      1.0000E+00
      1.0298E-02      1.0268E+00      1.0057E+00      1.0642E+00      9.8467E-03      8.3896E+01      9.4419E+01      1.0000E+00
      9.9513E-03      1.0098E+00      1.0008E+00      1.0197E+00      9.7673E-03      8.7730E+01      9.1242E+01      1.0000E+00
      9.2566E-03      1.1257E+00      1.0531E+00      1.3340E+00      7.8915E-03      7.7146E+01      1.0334E+02      1.0000E+00
      9.1661E-03      1.1209E+00      1.0367E+00      1.2912E+00      7.8982E-03      7.7751E+01      1.0079E+02      1.0000E+00
      9.5834E-03      1.1802E+00      1.0333E+00      1.3354E+00      8.1814E-03      7.8700E+01      1.0099E+02      1.0000E+00
      9.7123E-03      1.1878E+00      1.0367E+00      1.3661E+00      8.1199E-03      7.8194E+01      1.0279E+02      1.0000E+00
      1.0057E-02      1.0256E+00      1.0020E+00      1.0501E+00      9.7883E-03      8.6637E+01      9.1885E+01      1.0000E+00
      1.0363E-02      1.0131E+00      1.0011E+00      1.0246E+00      1.0324E-02      8.7547E+01      9.2245E+01      1.0000E+00
      1.0223E-02      1.0088E+00      1.0011E+00      1.0204E+00      1.0152E-02      8.7626E+01      9.2546E+01      1.0000E+00
      1.0277E-02      1.0202E+00      1.0067E+00      1.0330E+00      9.9739E-03      8.3409E+01      9.4911E+01      1.0000E+00
      6.9890E-03      1.3007E+00      1.3968E+00      1.5033E+00      3.4802E-03      7.4185E+01      1.3428E+02      1.0000E+00
      6.9926E-03      1.3007E+00      1.3964E+00      1.5037E+00      3.4813E-03      7.4213E+01      1.3426E+02      1.0000E+00
      1.0291E-02      1.0196E+00      1.0067E+00      1.0317E+00      9.9990E-03      8.3391E+01      9.4993E+01      1.0000E+00
      1.0232E-02      1.0068E+00      1.0012E+00      1.0169E+00      1.0152E-02      8.7539E+01      9.2641E+01      1.0000E+00
      1.0286E-02      1.0110E+00      1.0008E+00      1.0160E+00      1.0191E-02      8.7838E+01      9.1935E+01      1.0000E+00
      1.0197E-02      1.0015E+00      1.0002E+00      1.0023E+00      1.0177E-02      8.8740E+01      9.1164E+01      1.0000E+00
      1.0098E-02      1.0063E+00      1.0002E+00      1.0110E+00      1.0041E-02      8.8913E+01      9.0853E+01      1.0000E+00
      1.0156E-02      1.0317E+00      1.0054E+00      1.0827E+00      9.6301E-03      8.4373E+01      9.3827E+01      1.0000E+00
      6.3365E-03      1.3470E+00      1.2290E+00      1.5487E+00      4.1149E-03      6.6647E+01      1.2505E+02      1.0000E+00
      7.8048E-03      1.2364E+00      1.3075E+00      1.3560E+00      4.6864E-03      7.1960E+01      1.3010E+02      1.0000E+00
      1.0570E-02      1.0277E+00      1.0071E+00      1.0520E+00      1.0094E-02      8.3182E+01      9.4385E+01      1.0000E+00
      1.0727E-02      1.0432E+00      1.0085E+00      1.0868E+00      9.9519E-03      8.2559E+01      9.3488E+01      1.0000E+00
      7.4561E-03      1.3082E+00      1.4648E+00      1.4353E+00      3.8923E-03      6.8284E+01      1.3694E+02      1.0000E+00
      7.3597E-03      1.2832E+00      1.4793E+00      1.4113E+00      3.8310E-03      6.8673E+01      1.3745E+02      1.0000E+00
      1.1430E-02      1.0966E+00      1.0263E+00      1.1322E+00      1.0694E-02      7.9121E+01      1.0282E+02      1.0000E+00
      5.8273E-03      1.3900E+00      1.2531E+00      1.7797E+00      3.2162E-03      7.1244E+01      1.2589E+02      1.0000E+00
      5.7210E-03      1.3914E+00      1.2742E+00      1.7687E+00      3.1301E-03      7.0313E+01      1.2722E+02      1.0000E+00
      1.0804E-02      1.1235E+00      1.0277E+00      1.1617E+00      9.9889E-03      7.8968E+01      1.0109E+02      1.0000E+00
      1.0350E-02      1.0219E+00      1.0013E+00      1.0384E+00      1.0269E-02      8.8105E+01      9.2084E+01      1.0000E+00
      1.0224E-02      1.0059E+00      1.0005E+00      1.0130E+00      1.0165E-02      8.8275E+01      9.1490E+01      1.0000E+00
      1.0187E-02      1.0085E+00      1.0009E+00      1.0178E+00      1.0105E-02      8.7955E+01      9.2399E+01      1.0000E+00
      1.1166E-02      1.1272E+00      1.0296E+00      1.1809E+00      1.0201E-02      7.8127E+01      1.0058E+02      1.0000E+00
      1.0759E-02      1.1468E+00      1.0292E+00      1.2303E+00      9.8723E-03      8.3031E+01      9.8514E+01      1.0000E+00
      1.0762E-02      1.1471E+00      1.0291E+00      1.2308E+00      9.8742E-03      8.3089E+01      9.8449E+01      1.0000E+00
      1.1182E-02      1.1270E+00      1.0299E+00      1.1804E+00      1.0226E-02      7.8058E+01      1.0070E+02      1.0000E+00
      1.0245E-02      1.0074E+00      1.0013E+00      1.0186E+00      1.0172E-02      8.7409E+01      9.2708E+01      1.0000E+00
      1.0401E-02      1.0079E+00      1.0012E+00      1.0120E+00      1.0326E-02      8.7191E+01      9.2519E+01      1.0000E+00
      1.0451E-02      1.0084E+00      1.0011E+00      1.0200E+00      1.0375E-02      8.7426E+01      9.2427E+01      1.0000E+00
      1.0143E-02      1.0234E+00      1.0011E+00      1.0379E+00      9.8808E-03      8.7513E+01      9.1516E+01      1.0000E+00
      1.0421E-02      1.0315E+00      1.0057E+00      1.0567E+00      9.9532E-03      8.3932E+01      9.3961E+01      1.0000E+00
      7.7419E-03      1.2391E+00      1.3158E+00      1.3550E+00      4.6446E-03      7.1459E+01      1.3053E+02      1.0000E+00
      6.6575E-03      1.3325E+00      1.2690E+00      1.6641E+00      3.8870E-03      6.9571E+01      1.2668E+02      1.0000E+00
      1.0598E-02      1.1667E+00      1.0305E+00      1.3097E+00      8.9992E-03      7.8327E+01      9.9707E+01      1.0000E+00
      1.1919E-02      1.1023E+00      1.0349E+00      1.1618E+00      1.0611E-02      7.5266E+01      9.9883E+01      1.0000E+00
      7.4276E-03      1.2947E+00      1.4528E+00      1.4184E+00      3.9052E-03      6.8907E+01      1.3650E+02      1.0000E+00
      7.1474E-03      1.3158E+00      1.5065E+00      1.4097E+00      3.7412E-03      6.6171E+01      1.3841E+02      1.0000E+00
      1.0334E-02      1.0258E+00      1.0020E+00      1.0585E+00      1.0239E-02      8.8322E+01      9.1554E+01      1.0000E+00
      1.0846E-02      1.1207E+00      1.0190E+00      1.1817E+00      1.0235E-02      8.3949E+01      9.6123E+01      1.0000E+00
      1.0769E-02      1.1229E+00      1.0206E+00      1.1820E+00      1.0070E-02      8.3483E+01      9.7135E+01      1.0000E+00
      1.0336E-02      1.0259E+00      1.0015E+00      1.0558E+00      1.0261E-02      8.9209E+01      9.0993E+01      1.0000E+00
      1.0142E-02      1.0056E+00      1.0002E+00      1.0142E+00      1.0099E-02      8.9262E+01      9.0676E+01      1.0000E+00
      1.0216E-02      1.0137E+00      1.0006E+00      1.0207E+00      1.0095E-02      8.8202E+01      9.1489E+01      1.0000E+00
      1.0358E-02      1.0258E+00      1.0013E+00      1.0426E+00      1.0255E-02      8.8131E+01      9.1801E+01      1.0000E+00
      1.0376E-02      1.0310E+00      1.0021E+00      1.0670E+00      1.0268E-02      8.9472E+01      9.0883E+01      1.0000E+00
      1.0396E-02      1.0301E+00      1.0022E+00      1.0670E+00      1.0307E-02      8.8804E+01      9.1323E+01      1.0000E+00
      1.0398E-02      1.0280E+00      1.0018E+00      1.0466E+00      1.0287E-02      8.7645E+01      9.2248E+01      1.0000E+00
      1.0329E-02      1.0116E+00      1.0010E+00      1.0186E+00      1.0257E-02      8.7526E+01      9.2270E+01      1.0000E+00
      1.0404E-02      1.0075E+00      1.0012E+00      1.0102E+00      1.0328E-02      8.7474E+01      9.2780E+01      1.0000E+00
      1.1876E-02      1.1033E+00      1.0327E+00      1.1678E+00      1.0502E-02      7.5731E+01      9.9071E+01      1.0000E+00
      1.0511E-02      1.1722E+00      1.0336E+00      1.3256E+00      8.8994E-03      7.7665E+01      1.0075E+02      1.0000E+00
      6.5337E-03      1.3293E+00      1.2793E+00      1.6505E+00      3.8348E-03      6.8816E+01      1.2725E+02      1.0000E+00
      8.5754E-03      1.2745E+00      1.2756E+00      1.4433E+00      4.9880E-03      7.3364E+01      1.2837E+02      1.0000E+00
      1.1103E-02      1.0269E+00      1.0137E+00      1.0382E+00      1.0783E-02      8.1638E+01      9.9373E+01      1.0000E+00
      8.9232E-03      1.1055E+00      1.0452E+00      1.2855E+00      7.7025E-03      7.6816E+01      1.0155E+02      1.0000E+00
      5.7628E-03      1.3883E+00      1.2267E+00      1.6651E+00      3.4777E-03      6.8763E+01      1.2483E+02      1.0000E+00
      5.6973E-03      1.3976E+00      1.2693E+00      1.6647E+00      3.3327E-03      6.7373E+01      1.2753E+02      1.0000E+00
      9.1703E-03      1.1254E+00      1.0569E+00      1.3232E+00      7.8531E-03      7.6073E+01      1.0442E+02      1.0000E+00
      1.0711E-02      1.0336E+00      1.0039E+00      1.0708E+00      1.0168E-02      8.4968E+01      9.3058E+01      1.0000E+00
      1.0419E-02      1.0278E+00      1.0013E+00      1.0518E+00      1.0369E-02      8.9738E+01      9.0323E+01      1.0000E+00
      1.0975E-02      1.1226E+00      1.0223E+00      1.1759E+00      1.0268E-02      8.2344E+01      9.8188E+01      1.0000E+00
      1.0856E-02      1.1246E+00      1.0214E+00      1.1803E+00      1.0161E-02      8.2752E+01      9.7518E+01      1.0000E+00
      1.0349E-02      1.0252E+00      1.0014E+00      1.0539E+00      1.0284E-02      8.9378E+01      9.0799E+01      1.0000E+00
      1.0136E-02      1.0047E+00      1.0001E+00      1.0128E+00      1.0099E-02      8.9588E+01      9.0426E+01      1.0000E+00
      1.0120E-02      1.0051E+00      1.0000E+00      1.0074E+00      1.0092E-02      8.9796E+01      9.0209E+01      1.0000E+00
      1.0138E-02      1.0072E+00      1.0001E+00      1.0129E+00      1.0122E-02      8.9876E+01      9.0117E+01      1.0000E+00
      1.0245E-02      1.0166E+00      1.0006E+00      1.0302E+00      1.0127E-02      8.8484E+01      9.1027E+01      1.0000E+00
      1.0409E-02      1.0191E+00      1.0012E+00      1.0407E+00      1.0275E-02      8.7750E+01      9.1673E+01      1.0000E+00
      1.0260E-02      1.0263E+00      1.0011E+00      1.0382E+00      1.0096E-02      8.8314E+01      9.1812E+01      1.0000E+00
      9.8257E-03      1.0181E+00      1.0010E+00      1.0389E+00      9.4822E-03      8.7414E+01      9.1421E+01      1.0000E+00
      1.0482E-02      1.0526E+00      1.0115E+00      1.1066E+00      9.8699E-03      8.1519E+01      9.7492E+01      1.0000E+00
      8.4969E-03      1.2826E+00      1.2987E+00      1.4521E+00      4.8533E-03      7.2550E+01      1.2964E+02      1.0000E+00
      6.2862E-03      1.3698E+00      1.2248E+00      1.6260E+00      3.8716E-03      6.8574E+01      1.2473E+02      1.0000E+00
      8.3488E-03      1.0464E+00      1.0085E+00      1.1358E+00      7.6400E-03      8.5723E+01      9.5289E+01      1.0000E+00
      1.1804E-02      1.2440E+00      1.0573E+00      1.4065E+00      9.3827E-03      7.8638E+01      1.0508E+02      1.0000E+00
      1.2191E-02      1.2224E+00      1.0511E+00      1.3178E+00      1.0250E-02      7.6410E+01      1.0114E+02      1.0000E+00
      1.0738E-02      1.1184E+00      1.0203E+00      1.1855E+00      9.8931E-03      8.1241E+01      9.7130E+01      1.0000E+00
      1.0878E-02      1.1115E+00      1.0209E+00      1.1504E+00      1.0138E-02      8.0821E+01      9.9053E+01      1.0000E+00
      1.0136E-02      1.0134E+00      1.0010E+00      1.0396E+00      9.9055E-03      8.8643E+01      9.1960E+01      1.0000E+00
      1.0333E-02      1.0035E+00      1.0001E+00      1.0078E+00      1.0275E-02      8.9635E+01      9.0571E+01      1.0000E+00
      1.0515E-02      1.0230E+00      1.0007E+00      1.0361E+00      1.0412E-02      8.9251E+01      9.0753E+01      1.0000E+00
      1.1091E-02      1.1172E+00      1.0230E+00      1.1736E+00      1.0105E-02      7.9600E+01      9.9331E+01      1.0000E+00
      6.7170E-03      1.3267E+00      1.3472E+00      1.5097E+00      3.7099E-03      7.0362E+01      1.3203E+02      1.0000E+00
      6.7051E-03      1.3265E+00      1.3463E+00      1.5129E+00      3.7014E-03      7.0486E+01      1.3198E+02      1.0000E+00
      1.1032E-02      1.1166E+00      1.0237E+00      1.1712E+00      1.0051E-02      7.9310E+01      9.9486E+01      1.0000E+00
      1.0368E-02      1.0212E+00      1.0009E+00      1.0398E+00      1.0260E-02      8.8439E+01      9.1113E+01      1.0000E+00
      1.0184E-02      1.0042E+00      1.0004E+00      1.0135E+00      1.0111E-02      8.8575E+01      9.1365E+01      1.0000E+00
      1.0283E-02      1.0124E+00      1.0005E+00      1.0228E+00      1.0169E-02      8.8269E+01      9.1195E+01      1.0000E+00
      1.0183E-02      1.0173E+00      1.0004E+00      1.0252E+00      1.0068E-02      8.9092E+01      9.1028E+01      1.0000E+00
      9.9186E-03      1.0118E+00      1.0006E+00      1.0243E+00      9.7098E-03      8.8069E+01      9.0878E+01      1.0000E+00
      1.1270E-02      1.1167E+00      1.0303E+00      1.1937E+00      1.0020E-02      7.6753E+01      1.0040E+02      1.0000E+00
      1.1122E-02      1.1213E+00      1.0202E+00      1.2178E+00      9.6710E-03      7.9579E+01      9.6609E+01      1.0000E+00
      8.4739E-03      1.0630E+00      1.0128E+00      1.1726E+00      7.5360E-03      8.4877E+01      9.7377E+01      1.0000E+00
      6.1713E-03      1.3720E+00      1.2435E+00      1.6159E+00      3.7764E-03      6.7674E+01      1.2598E+02      1.0000E+00
      6.9346E-03      1.3398E+00      1.1996E+00      1.6526E+00      4.3025E-03      7.0758E+01      1.2235E+02      1.0000E+00
      9.0063E-03      1.0548E+00      1.0053E+00      1.1103E+00      8.2877E-03      8.6554E+01      9.5708E+01      1.0000E+00
      1.1211E-02      1.1024E+00      1.0199E+00      1.1629E+00      1.0036E-02      7.9398E+01      9.7071E+01      1.0000E+00
      1.1002E-02      1.1133E+00      1.0221E+00      1.2027E+00      9.8229E-03      7.9120E+01      9.9028E+01      1.0000E+00
      9.7282E-03      1.0293E+00      1.0012E+00      1.0497E+00      9.5691E-03      8.9100E+01      9.1009E+01      1.0000E+00
      1.0045E-02      1.0266E+00      1.0015E+00      1.0560E+00      9.8378E-03      8.8971E+01      9.1328E+01      1.0000E+00
      1.0636E-02      1.0448E+00      1.0083E+00      1.0793E+00      9.9507E-03      8.2708E+01      9.4007E+01      1.0000E+00
      8.3583E-03      1.1705E+00      1.0514E+00      1.2635E+00      6.7715E-03      7.9580E+01      1.0797E+02      1.0000E+00
      8.3546E-03      1.1704E+00      1.0514E+00      1.2631E+00      6.7705E-03      7.9558E+01      1.0798E+02      1.0000E+00
      1.0620E-02      1.0454E+00      1.0082E+00      1.0807E+00      9.9230E-03      8.2735E+01      9.3913E+01      1.0000E+00
      1.0005E-02      1.0261E+00      1.0016E+00      1.0571E+00      9.7995E-03      8.8753E+01      9.1092E+01      1.0000E+00
      9.6669E-03      1.0301E+00      1.0013E+00      1.0531E+00      9.5069E-03      8.8696E+01      9.0788E+01      1.0000E+00
      1.0849E-02      1.1032E+00      1.0227E+00      1.1897E+00      9.7439E-03      7.8598E+01      9.9495E+01      1.0000E+00
      1.0929E-02      1.0976E+00      1.0171E+00      1.1853E+00      9.6668E-03      7.9962E+01      9.6323E+01      1.0000E+00
      8.7062E-03      1.0556E+00      1.0090E+00      1.1428E+00      7.9453E-03      8.5688E+01      9.5583E+01      1.0000E+00
      6.6553E-03      1.3791E+00      1.2173E+00      1.6538E+00      4.1058E-03      6.8556E+01      1.2407E+02      1.0000E+00
      6.1257E-03      1.4095E+00      1.2110E+00      1.6121E+00      3.9747E-03      6.5959E+01      1.2399E+02      1.0000E+00
      7.9121E-03      1.1172E+00      1.0272E+00      1.2605E+00      7.3687E-03      8.7845E+01      9.5483E+01      1.0000E+00
      9.5304E-03      1.1170E+00      1.0341E+00      1.2688E+00      8.6358E-03      8.0004E+01      9.5956E+01      1.0000E+00
      8.4839E-03      1.1793E+00      1.0644E+00      1.3112E+00      6.5394E-03      8.0879E+01      1.0994E+02      1.0000E+00
      8.4813E-03      1.1793E+00      1.0644E+00      1.3110E+00      6.5386E-03      8.0863E+01      1.0995E+02      1.0000E+00
      9.5239E-03      1.1173E+00      1.0341E+00      1.2696E+00      8.6257E-03      8.0021E+01      9.5911E+01      1.0000E+00
      7.8952E-03      1.1174E+00      1.0275E+00      1.2625E+00      7.3500E-03      8.7713E+01      9.5370E+01      1.0000E+00
      6.0936E-03      1.4126E+00      1.2109E+00      1.6113E+00      3.9424E-03      6.6076E+01      1.2403E+02      1.0000E+00
      4.2734E-03      1.3327E+00      1.1437E+00      1.6473E+00      3.0910E-03      6.3126E+01      1.1237E+02      1.0000E+00
      1.9059E-03      1.3636E+00      1.4719E+00      1.6132E+00      9.3627E-04      6.7478E+01      1.3696E+02      1.0000E+00
      1.9059E-03      1.3636E+00      1.4719E+00      1.6132E+00      9.3626E-04      6.7478E+01      1.3696E+02      1.0000E+00
      4.2731E-03      1.3327E+00      1.1436E+00      1.6472E+00      3.0910E-03      6.3132E+01      1.1237E+02      1.0000E+00
      3.6187E-03      1.4628E+00      1.3837E+00      1.9803E+00      2.1722E-03      5.8696E+01      1.2789E+02      1.0000E+00
      3.4898E-03      1.4572E+00      1.4095E+00      2.0053E+00      2.0883E-03      5.8138E+01      1.2816E+02      1.0000E+00
      2.0988E-03      1.1153E+00      1.0311E+00      1.2423E+00      1.6838E-03      8.1188E+01      1.0396E+02      1.0000E+00
      3.3004E-03      1.0622E+00      1.0139E+00      1.1307E+00      2.9796E-03      8.0512E+01      9.4415E+01      1.0000E+00
      3.0901E-03      1.0527E+00      1.0095E+00      1.1232E+00      2.8797E-03      8.2860E+01      9.4233E+01      1.0000E+00
      2.6426E-03      1.0478E+00      1.0037E+00      1.0757E+00      2.5070E-03      8.7349E+01      9.4496E+01      1.0000E+00
      2.6335E-03      1.0135E+00      1.0004E+00      1.0309E+00      2.5824E-03      8.9014E+01      9.1469E+01      1.0000E+00
      2.6243E-03      1.1467E+00      1.0287E+00      1.2926E+00      2.2520E-03      7.7888E+01      1.0037E+02      1.0000E+00
      1.9165E-03      1.1020E+00      1.0226E+00      1.2362E+00      1.6714E-03      8.3924E+01      9.8445E+01      1.0000E+00
      2.5144E-03      1.0212E+00      1.0006E+00      1.0382E+00      2.4644E-03      8.8525E+01      9.1344E+01      1.0000E+00
      2.3902E-03      1.0248E+00      1.0010E+00      1.0420E+00      2.3120E-03      8.7612E+01      9.1372E+01      1.0000E+00
      1.3940E-03      1.4102E+00      1.2342E+00      1.6511E+00      8.4790E-04      6.7397E+01      1.2555E+02      1.0000E+00
      2.6319E-03      1.1181E+00      1.0244E+00      1.1876E+00      2.4045E-03      7.9307E+01      1.0076E+02      1.0000E+00
      2.7098E-03      1.0995E+00      1.0145E+00      1.1498E+00      2.5496E-03      8.3166E+01      9.6154E+01      1.0000E+00
      1.3940E-03      1.4102E+00      1.2342E+00      1.6511E+00      8.4790E-04      6.7397E+01      1.2555E+02      1.0000E+00
      2.7098E-03      1.0995E+00      1.0145E+00      1.1498E+00      2.5496E-03      8.3166E+01      9.6154E+01      1.0000E+00
      2.6319E-03      1.1181E+00      1.0244E+00      1.1876E+00      2.4045E-03      7.9307E+01      1.0076E+02      1.0000E+00
      1.9165E-03      1.1020E+00      1.0226E+00      1.2362E+00      1.6714E-03      8.3924E+01      9.8445E+01      1.0000E+00
      2.6243E-03      1.1467E+00      1.0287E+00      1.2926E+00      2.2520E-03      7.7888E+01      1.0037E+02      1.0000E+00
      2.3902E-03      1.0248E+00      1.0010E+00      1.0420E+00      2.3120E-03      8.7612E+01      9.1372E+01      1.0000E+00
      2.5144E-03      1.0212E+00      1.0006E+00      1.0382E+00      2.4644E-03      8.8525E+01      9.1344E+01      1.0000E+00
      3.0901E-03      1.0527E+00      1.0095E+00      1.1232E+00      2.8797E-03      8.2860E+01      9.4233E+01      1.0000E+00
      3.3003E-03      1.0622E+00      1.0139E+00      1.1306E+00      2.9796E-03      8.0514E+01      9.4414E+01      1.0000E+00
      2.6335E-03      1.0135E+00      1.0004E+00      1.0309E+00      2.5824E-03      8.9014E+01      9.1469E+01      1.0000E+00
      2.6426E-03      1.0478E+00      1.0037E+00      1.0757E+00      2.5070E-03      8.7349E+01      9.4495E+01      1.0000E+00
      3.6184E-03      1.4628E+00      1.3836E+00      1.9802E+00      2.1718E-03      5.8701E+01      1.2789E+02      1.0000E+00
      2.0988E-03      1.1153E+00      1.0311E+00      1.2423E+00      1.6838E-03      8.1189E+01      1.0396E+02      1.0000E+00
      3.4894E-03      1.4572E+00      1.4095E+00      2.0052E+00      2.0880E-03      5.8143E+01      1.2816E+02      1.0000E+00
      3.2416E-03      1.6003E+00      1.4872E+00      1.9588E+00      1.9938E-03      5.0945E+01      1.3368E+02      1.0000E+00
      2.8585E-03      1.1298E+00      1.0285E+00      1.2453E+00      2.6006E-03      7.8498E+01      9.7365E+01      1.0000E+00
      2.4155E-03      1.0441E+00      1.0063E+00      1.1006E+00      2.3611E-03      8.6621E+01      9.3976E+01      1.0000E+00
      2.3707E-03      1.0326E+00      1.0030E+00      1.0792E+00      2.3376E-03      8.8935E+01      9.1117E+01      1.0000E+00
      2.4303E-03      1.0236E+00      1.0015E+00      1.0546E+00      2.4039E-03      8.9235E+01      9.0532E+01      1.0000E+00
      2.4558E-03      1.0134E+00      1.0005E+00      1.0311E+00      2.4396E-03      8.9370E+01      9.0770E+01      1.0000E+00
      2.4968E-03      1.0068E+00      1.0006E+00      1.0218E+00      2.4650E-03      8.8548E+01      9.1675E+01      1.0000E+00
      2.5550E-03      1.0194E+00      1.0008E+00      1.0287E+00      2.5177E-03      8.8342E+01      9.1947E+01      1.0000E+00
      2.5788E-03      1.0220E+00      1.0010E+00      1.0450E+00      2.5581E-03      8.9569E+01      9.0859E+01      1.0000E+00
      2.5788E-03      1.0220E+00      1.0010E+00      1.0450E+00      2.5581E-03      8.9569E+01      9.0859E+01      1.0000E+00
      2.5550E-03      1.0194E+00      1.0008E+00      1.0287E+00      2.5177E-03      8.8342E+01      9.1947E+01      1.0000E+00
      2.4968E-03      1.0068E+00      1.0006E+00      1.0218E+00      2.4650E-03      8.8548E+01      9.1675E+01      1.0000E+00
      2.4558E-03      1.0134E+00      1.0005E+00      1.0311E+00      2.4396E-03      8.9370E+01      9.0770E+01      1.0000E+00
      2.4303E-03      1.0236E+00      1.0015E+00      1.0546E+00      2.4039E-03      8.9235E+01      9.0532E+01      1.0000E+00
      2.3707E-03      1.0326E+00      1.0030E+00      1.0792E+00      2.3376E-03      8.8935E+01      9.1117E+01      1.0000E+00
      2.4155E-03      1.0441E+00      1.0063E+00      1.1006E+00      2.3611E-03      8.6621E+01      9.3976E+01      1.0000E+00
      2.8585E-03      1.1298E+00      1.0285E+00      1.2452E+00      2.6006E-03      7.8499E+01      9.7365E+01      1.0000E+00
      3.2415E-03      1.6003E+00      1.4872E+00      1.9588E+00      1.9937E-03      5.0946E+01      1.3368E+02      1.0000E+00
      5.6833E-03      1.3953E+00      1.8181E+00      2.0801E+00      2.2493E-03      6.5200E+01      1.4220E+02      1.0000E+00
      4.4361E-03      1.4323E+00      1.2403E+00      1.9155E+00      3.3428E-03      6.2226E+01      1.0672E+02      1.0000E+00
      6.6484E-03      1.2921E+00      1.1970E+00      1.4652E+00      6.1088E-03      6.3635E+01      1.1622E+02      1.0000E+00
      7.8273E-03      1.1920E+00      1.1311E+00      1.2604E+00      7.3645E-03      6.6289E+01      1.1479E+02      1.0000E+00
      8.6404E-03      1.1273E+00      1.0905E+00      1.1510E+00      8.2748E-03      6.8574E+01      1.1217E+02      1.0000E+00
      9.2897E-03      1.0887E+00      1.0670E+00      1.0834E+00      9.0501E-03      7.0150E+01      1.0991E+02      1.0000E+00
      9.7394E-03      1.0626E+00      1.0544E+00      1.0332E+00      9.5733E-03      7.1524E+01      1.0836E+02      1.0000E+00
      1.0052E-02      1.0629E+00      1.0485E+00      1.0327E+00      9.9297E-03      7.2530E+01      1.0700E+02      1.0000E+00
      1.0229E-02      1.0587E+00      1.0464E+00      1.0372E+00      1.0130E-02      7.2977E+01      1.0701E+02      1.0000E+00
      1.0183E-02      1.0607E+00      1.0470E+00      1.0367E+00      1.0034E-02      7.3616E+01      1.0716E+02      1.0000E+00
      1.0018E-02      1.0586E+00      1.0475E+00      1.0260E+00      9.8003E-03      7.3538E+01      1.0731E+02      1.0000E+00
      9.6918E-03      1.0588E+00      1.0532E+00      1.0485E+00      9.3457E-03      7.3180E+01      1.0817E+02      1.0000E+00
      9.1089E-03      1.0870E+00      1.0662E+00      1.1081E+00      8.6383E-03      7.2192E+01      1.0965E+02      1.0000E+00
      8.3785E-03      1.1357E+00      1.0905E+00      1.1970E+00      7.7939E-03      7.1021E+01      1.1171E+02      1.0000E+00
      7.4663E-03      1.2012E+00      1.1338E+00      1.3056E+00      6.7946E-03      6.9077E+01      1.1474E+02      1.0000E+00
      5.9825E-03      1.2517E+00      1.2060E+00      1.4031E+00      5.2882E-03      6.4779E+01      1.1869E+02      1.0000E+00
      3.4380E-03      1.2679E+00      1.3734E+00      1.2648E+00      2.6499E-03      5.7419E+01      1.3210E+02      1.0000E+00
      5.2854E-03      1.5546E+00      1.2074E+00      1.9961E+00      3.3213E-03      6.5598E+01      1.1826E+02      1.0000E+00
      9.5464E-03      1.1953E+00      1.1289E+00      1.2305E+00      8.2896E-03      6.2438E+01      1.1293E+02      1.0000E+00
      7.4148E-03      1.1106E+00      1.1110E+00      1.2041E+00      6.5416E-03      6.8386E+01      1.1385E+02      1.0000E+00
      4.3175E-03      1.2440E+00      1.2938E+00      1.2311E+00      3.1955E-03      6.1983E+01      1.2931E+02      1.0000E+00
      6.0395E-03      1.4948E+00      1.1688E+00      1.7872E+00      4.2417E-03      6.9577E+01      1.1189E+02      1.0000E+00
      9.6572E-03      1.1785E+00      1.1188E+00      1.2447E+00      8.1908E-03      6.3363E+01      1.0855E+02      1.0000E+00
      6.9678E-03      1.1333E+00      1.1347E+00      1.3025E+00      5.8325E-03      6.8225E+01      1.1473E+02      1.0000E+00
      3.7920E-03      1.2756E+00      1.4508E+00      1.3614E+00      2.4267E-03      6.1861E+01      1.3563E+02      1.0000E+00
      4.9781E-03      1.3708E+00      1.1317E+00      1.7450E+00      3.4687E-03      6.9282E+01      1.1398E+02      1.0000E+00
      5.6370E-03      1.3413E+00      1.2390E+00      1.3153E+00      4.7500E-03      5.5851E+01      1.2557E+02      1.0000E+00
      6.9208E-03      1.4161E+00      1.1285E+00      1.6011E+00      5.2357E-03      7.3566E+01      1.0720E+02      1.0000E+00
      8.5160E-03      1.2901E+00      1.1603E+00      1.4195E+00      6.5388E-03      5.9873E+01      1.1132E+02      1.0000E+00
      4.3758E-03      1.2878E+00      1.4297E+00      1.4120E+00      2.5659E-03      6.4161E+01      1.3532E+02      1.0000E+00
      5.2965E-03      1.2307E+00      1.0774E+00      1.5428E+00      4.0963E-03      7.5188E+01      1.0629E+02      1.0000E+00
      4.9422E-03      1.3507E+00      1.4788E+00      1.5310E+00      3.2567E-03      5.5089E+01      1.3473E+02      1.0000E+00
      5.2666E-03      1.1692E+00      1.0684E+00      1.4547E+00      4.1162E-03      7.8541E+01      1.0537E+02      1.0000E+00
      4.6243E-03      1.3271E+00      1.6427E+00      1.6523E+00      2.6429E-03      5.6800E+01      1.3829E+02      1.0000E+00
      5.0076E-03      1.4348E+00      1.2470E+00      1.9046E+00      3.1995E-03      5.5322E+01      1.0552E+02      1.0000E+00
      6.1321E-03      1.2366E+00      1.2583E+00      1.7883E+00      4.0149E-03      7.4672E+01      1.1728E+02      1.0000E+00
      1.0939E-02      1.1715E+00      1.0386E+00      1.2900E+00      9.2791E-03      8.3423E+01      1.0157E+02      1.0000E+00
      1.1266E-02      1.1529E+00      1.0304E+00      1.2738E+00      9.9521E-03      8.2731E+01      9.6725E+01      1.0000E+00
      8.5456E-03      1.1648E+00      1.0731E+00      1.4560E+00      7.0226E-03      8.0240E+01      9.9303E+01      1.0000E+00
      4.4864E-03      1.3322E+00      1.2385E+00      1.8031E+00      2.7520E-03      7.7659E+01      1.2155E+02      1.0000E+00
      4.5729E-03      1.2518E+00      1.1981E+00      1.7191E+00      3.3113E-03      6.7867E+01      1.1341E+02      1.0000E+00
      5.1395E-03      1.1803E+00      1.1769E+00      1.5166E+00      3.8983E-03      6.8944E+01      1.1486E+02      1.0000E+00
      5.1505E-03      1.2218E+00      1.1689E+00      1.5730E+00      3.8510E-03      6.8471E+01      1.1461E+02      1.0000E+00
      5.0157E-03      1.2405E+00      1.1781E+00      1.5851E+00      3.7201E-03      6.7322E+01      1.1591E+02      1.0000E+00
      4.7126E-03      1.2278E+00      1.1337E+00      1.5297E+00      3.0487E-03      7.6116E+01      1.1683E+02      1.0000E+00
      8.8593E-03      1.1891E+00      1.0502E+00      1.3414E+00      6.7301E-03      7.2581E+01      1.0051E+02      1.0000E+00
      6.2585E-03      1.4547E+00      1.1995E+00      1.6303E+00      4.7332E-03      6.1473E+01      1.1805E+02      1.0000E+00
      5.8436E-03      1.1870E+00      1.0928E+00      1.3092E+00      4.9591E-03      6.9260E+01      1.1231E+02      1.0000E+00
      4.4701E-03      1.3690E+00      1.1735E+00      1.7966E+00      3.1432E-03      6.4360E+01      1.1400E+02      1.0000E+00
      4.2828E-03      1.3034E+00      1.1959E+00      1.6810E+00      2.7703E-03      7.8924E+01      1.2003E+02      1.0000E+00
      7.4880E-03      1.0946E+00      1.0515E+00      1.3313E+00      6.4279E-03      8.0506E+01      9.8017E+01      1.0000E+00
      9.5294E-03      1.1172E+00      1.0261E+00      1.2613E+00      7.8524E-03      7.7192E+01      9.7347E+01      1.0000E+00
      5.0845E-03      1.5590E+00      1.2507E+00      1.7921E+00      3.4297E-03      5.7920E+01      1.1740E+02      1.0000E+00
      4.9022E-03      1.2361E+00      1.1451E+00      1.4363E+00      3.4273E-03      7.6902E+01      1.1853E+02      1.0000E+00
      7.8497E-03      1.0982E+00      1.0340E+00      1.2830E+00      6.9794E-03      8.3128E+01      9.4904E+01      1.0000E+00
      9.0260E-03      1.1446E+00      1.0260E+00      1.2595E+00      7.7566E-03      7.8673E+01      9.8290E+01      1.0000E+00
      4.1526E-03      1.5841E+00      1.2506E+00      1.9638E+00      2.4753E-03      5.6691E+01      1.1409E+02      1.0000E+00
      3.9262E-03      1.3985E+00      1.2281E+00      1.7088E+00      2.7755E-03      7.0078E+01      1.2187E+02      1.0000E+00
      6.2972E-03      1.2696E+00      1.1253E+00      1.6404E+00      5.6548E-03      8.4871E+01      9.4927E+01      1.0000E+00
      7.0990E-03      1.3111E+00      1.0994E+00      1.5376E+00      6.4342E-03      7.9314E+01      9.9979E+01      1.0000E+00
      3.1336E-03      1.3559E+00      1.5091E+00      2.2142E+00      1.7026E-03      6.3908E+01      1.2565E+02      1.0000E+00
      1.7112E-03      1.2712E+00      1.1064E+00      1.5763E+00      1.3993E-03      7.9011E+01      1.0067E+02      1.0000E+00
      2.1297E-03      1.1821E+00      1.0554E+00      1.3575E+00      1.9879E-03      8.2798E+01      1.0022E+02      1.0000E+00
      2.1631E-03      1.1063E+00      1.0205E+00      1.2161E+00      2.0897E-03      8.7089E+01      9.4703E+01      1.0000E+00
      2.2289E-03      1.0656E+00      1.0098E+00      1.1505E+00      2.1768E-03      8.8553E+01      9.1880E+01      1.0000E+00
      2.3487E-03      1.0592E+00      1.0074E+00      1.1286E+00      2.2823E-03      8.8045E+01      9.1210E+01      1.0000E+00
      2.3985E-03      1.0257E+00      1.0021E+00      1.0654E+00      2.3616E-03      8.8908E+01      9.1220E+01      1.0000E+00
      2.4639E-03      1.0128E+00      1.0008E+00      1.0364E+00      2.4342E-03      8.9016E+01      9.0896E+01      1.0000E+00
      2.5445E-03      1.0209E+00      1.0007E+00      1.0379E+00      2.4956E-03      8.9097E+01      9.1310E+01      1.0000E+00
      2.5342E-03      1.0059E+00      1.0001E+00      1.0108E+00      2.5234E-03      8.9640E+01      9.0174E+01      1.0000E+00
      2.5342E-03      1.0059E+00      1.0001E+00      1.0108E+00      2.5234E-03      8.9640E+01      9.0174E+01      1.0000E+00
      2.5445E-03      1.0209E+00      1.0007E+00      1.0379E+00      2.4956E-03      8.9097E+01      9.1310E+01      1.0000E+00
      2.4639E-03      1.0128E+00      1.0008E+00      1.0364E+00      2.4342E-03      8.9016E+01      9.0896E+01      1.0000E+00
      2.3985E-03      1.0257E+00      1.0021E+00      1.0654E+00      2.3616E-03      8.8908E+01      9.1220E+01      1.0000E+00
      2.3487E-03      1.0592E+00      1.0074E+00      1.1286E+00      2.2823E-03      8.8045E+01      9.1210E+01      1.0000E+00
      2.2289E-03      1.0656E+00      1.0098E+00      1.1505E+00      2.1768E-03      8.8553E+01      9.1880E+01      1.0000E+00
      2.1631E-03      1.1063E+00      1.0205E+00      1.2161E+00      2.0897E-03      8.7089E+01      9.4703E+01      1.0000E+00
      2.1297E-03      1.1821E+00      1.0554E+00      1.3575E+00      1.9879E-03      8.2798E+01      1.0022E+02      1.0000E+00
      1.7112E-03      1.2712E+00      1.1064E+00      1.5763E+00      1.3993E-03      7.9011E+01      1.0067E+02      1.0000E+00
      3.1337E-03      1.3559E+00      1.5091E+00      2.2142E+00      1.7027E-03      6.3906E+01      1.2565E+02      1.0000E+00
      7.0998E-03      1.3111E+00      1.0994E+00      1.5375E+00      6.4350E-03      7.9319E+01      9.9977E+01      1.0000E+00
      6.2995E-03      1.2694E+00      1.1250E+00      1.6397E+00      5.6585E-03      8.4863E+01      9.4889E+01      1.0000E+00
      3.9289E-03      1.3978E+00      1.2272E+00      1.7081E+00      2.7787E-03      7.0131E+01      1.2181E+02      1.0000E+00
      4.1761E-03      1.5869E+00      1.2540E+00      1.9707E+00      2.4771E-03      5.6367E+01      1.1420E+02      1.0000E+00
      9.0958E-03      1.1410E+00      1.0240E+00      1.2607E+00      7.8286E-03      7.9157E+01      9.8019E+01      1.0000E+00
      7.9284E-03      1.0923E+00      1.0308E+00      1.2656E+00      7.0571E-03      8.2847E+01      9.4637E+01      1.0000E+00
      4.9625E-03      1.2279E+00      1.1430E+00      1.4168E+00      3.4623E-03      7.7121E+01      1.1851E+02      1.0000E+00
      5.2563E-03      1.5986E+00      1.2823E+00      1.8522E+00      3.4797E-03      5.5860E+01      1.1914E+02      1.0000E+00
      9.8051E-03      1.1141E+00      1.0333E+00      1.2755E+00      8.0694E-03      7.6970E+01      9.7122E+01      1.0000E+00
      7.6386E-03      1.0877E+00      1.0471E+00      1.3205E+00      6.4915E-03      8.0731E+01      9.7660E+01      1.0000E+00
      4.3355E-03      1.2954E+00      1.1984E+00      1.6620E+00      2.7990E-03      7.8813E+01      1.2044E+02      1.0000E+00
      4.5458E-03      1.3883E+00      1.1791E+00      1.8131E+00      3.1781E-03      6.3559E+01      1.1483E+02      1.0000E+00
      5.9419E-03      1.2033E+00      1.0982E+00      1.3213E+00      5.0182E-03      6.8419E+01      1.1308E+02      1.0000E+00
      6.3369E-03      1.4690E+00      1.2089E+00      1.6353E+00      4.7863E-03      6.1034E+01      1.1855E+02      1.0000E+00
      8.9709E-03      1.1996E+00      1.0544E+00      1.3607E+00      6.7903E-03      7.2010E+01      1.0030E+02      1.0000E+00
      4.7500E-03      1.2335E+00      1.1378E+00      1.5354E+00      3.0652E-03      7.6318E+01      1.1724E+02      1.0000E+00
      5.0441E-03      1.2452E+00      1.1786E+00      1.5878E+00      3.7372E-03      6.7129E+01      1.1609E+02      1.0000E+00
      5.1737E-03      1.2273E+00      1.1719E+00      1.5801E+00      3.8567E-03      6.8159E+01      1.1492E+02      1.0000E+00
      5.1520E-03      1.1827E+00      1.1776E+00      1.5188E+00      3.9032E-03      6.8836E+01      1.1498E+02      1.0000E+00
      4.5837E-03      1.2546E+00      1.1997E+00      1.7231E+00      3.3145E-03      6.7703E+01      1.1356E+02      1.0000E+00
      4.4911E-03      1.3315E+00      1.2387E+00      1.8016E+00      2.7538E-03      7.7678E+01      1.2158E+02      1.0000E+00
      8.5588E-03      1.1639E+00      1.0726E+00      1.4543E+00      7.0320E-03      8.0280E+01      9.9362E+01      1.0000E+00
      1.1325E-02      1.1497E+00      1.0301E+00      1.2719E+00      1.0013E-02      8.3077E+01      9.6920E+01      1.0000E+00
      1.1325E-02      1.1497E+00      1.0301E+00      1.2719E+00      1.0013E-02      8.3077E+01      9.6920E+01      1.0000E+00
      8.5588E-03      1.1639E+00      1.0726E+00      1.4543E+00      7.0320E-03      8.0280E+01      9.9362E+01      1.0000E+00
      4.4911E-03      1.3315E+00      1.2387E+00      1.8016E+00      2.7538E-03      7.7678E+01      1.2158E+02      1.0000E+00
      4.5837E-03      1.2546E+00      1.1997E+00      1.7231E+00      3.3145E-03      6.7703E+01      1.1356E+02      1.0000E+00
      5.1520E-03      1.1827E+00      1.1776E+00      1.5188E+00      3.9032E-03      6.8836E+01      1.1498E+02      1.0000E+00
      5.1737E-03      1.2273E+00      1.1719E+00      1.5801E+00      3.8567E-03      6.8159E+01      1.1492E+02      1.0000E+00
      5.0441E-03      1.2452E+00      1.1786E+00      1.5878E+00      3.7372E-03      6.7129E+01      1.1609E+02      1.0000E+00
      4.7500E-03      1.2335E+00      1.1378E+00      1.5354E+00      3.0652E-03      7.6318E+01      1.1724E+02      1.0000E+00
      8.9709E-03      1.1996E+00      1.0544E+00      1.3607E+00      6.7903E-03      7.2010E+01      1.0030E+02      1.0000E+00
      6.3369E-03      1.4690E+00      1.2089E+00      1.6353E+00      4.7863E-03      6.1034E+01      1.1855E+02      1.0000E+00
      5.9420E-03      1.2033E+00      1.0982E+00      1.3213E+00      5.0183E-03      6.8418E+01      1.1308E+02      1.0000E+00
      4.5459E-03      1.3883E+00      1.1791E+00      1.8130E+00      3.1782E-03      6.3560E+01      1.1483E+02      1.0000E+00
      4.3367E-03      1.2952E+00      1.1985E+00      1.6620E+00      2.8009E-03      7.8810E+01      1.2043E+02      1.0000E+00
      7.6584E-03      1.0859E+00      1.0471E+00      1.3200E+00      6.5264E-03      8.1057E+01      9.7627E+01      1.0000E+00
      1.0039E-02      1.1331E+00      1.0405E+00      1.3100E+00      8.0718E-03      7.4470E+01      9.7467E+01      1.0000E+00
      7.1513E-03      1.3814E+00      1.6762E+00      1.8296E+00      3.2375E-03      6.3007E+01      1.4086E+02      1.0000E+00
      5.5167E-03      1.2536E+00      1.1186E+00      1.5035E+00      4.1254E-03      6.3650E+01      1.0237E+02      1.0000E+00
      7.7573E-03      1.1570E+00      1.1030E+00      1.1637E+00      7.0580E-03      6.6555E+01      1.1460E+02      1.0000E+00
      6.9476E-03      1.3004E+00      1.4720E+00      2.4224E+00      3.9432E-03      7.0593E+01      1.1221E+02      1.0000E+00
      3.5591E-03      1.6579E+00      1.3138E+00      2.0293E+00      2.0627E-03      5.2889E+01      1.1616E+02      1.0000E+00
      7.2133E-03      1.1745E+00      1.1322E+00      1.5886E+00      5.5006E-03      7.4353E+01      1.0689E+02      1.0000E+00
      7.2075E-03      1.1738E+00      1.1316E+00      1.5872E+00      5.4978E-03      7.4432E+01      1.0684E+02      1.0000E+00
      3.5559E-03      1.6573E+00      1.3138E+00      2.0277E+00      2.0601E-03      5.2863E+01      1.1617E+02      1.0000E+00
      3.4947E-03      1.1776E+00      1.1405E+00      1.4503E+00      2.4297E-03      7.7649E+01      1.1660E+02      1.0000E+00
      6.1751E-03      1.2812E+00      1.1372E+00      1.6613E+00      3.7346E-03      6.3713E+01      1.0987E+02      1.0000E+00
      6.1751E-03      1.2812E+00      1.1372E+00      1.6613E+00      3.7348E-03      6.3715E+01      1.0987E+02      1.0000E+00
      3.4948E-03      1.1775E+00      1.1405E+00      1.4502E+00      2.4298E-03      7.7646E+01      1.1660E+02      1.0000E+00
      3.5557E-03      1.6574E+00      1.3138E+00      2.0278E+00      2.0601E-03      5.2864E+01      1.1617E+02      1.0000E+00
      7.2036E-03      1.1742E+00      1.1316E+00      1.5872E+00      5.4977E-03      7.4372E+01      1.0685E+02      1.0000E+00
      7.2236E-03      1.1848E+00      1.1343E+00      1.6030E+00      5.4563E-03      7.4041E+01      1.0755E+02      1.0000E+00
      3.5607E-03      1.6465E+00      1.2980E+00      2.0369E+00      1.9845E-03      5.3411E+01      1.1351E+02      1.0000E+00
      3.6512E-03      1.2315E+00      1.2038E+00      1.5426E+00      3.0356E-03      6.5157E+01      1.1450E+02      1.0000E+00
      3.3070E-03      1.2791E+00      1.1558E+00      1.7211E+00      2.2332E-03      6.8322E+01      1.0496E+02      1.0000E+00
      1.2773E-03      1.1871E+00      1.0908E+00      1.4229E+00      9.6877E-04      7.5780E+01      1.1129E+02      1.0000E+00
      1.2630E-03      1.4020E+00      1.1693E+00      1.6372E+00      8.8578E-04      6.1069E+01      1.1176E+02      1.0000E+00
      1.8352E-03      1.2419E+00      1.0633E+00      1.4892E+00      1.2825E-03      7.0706E+01      1.0592E+02      1.0000E+00
      1.3824E-03      1.1834E+00      1.1107E+00      1.5625E+00      1.1276E-03      8.1424E+01      1.0288E+02      1.0000E+00
      8.3248E-04      1.4254E+00      1.2512E+00      1.8131E+00      5.7011E-04      7.1133E+01      1.2206E+02      1.0000E+00
      8.4095E-04      1.6671E+00      1.2949E+00      2.0820E+00      4.4417E-04      5.3732E+01      1.1479E+02      1.0000E+00
      1.9243E-03      1.1656E+00      1.0777E+00      1.4448E+00      1.5268E-03      7.6399E+01      1.0641E+02      1.0000E+00
      1.9243E-03      1.1656E+00      1.0777E+00      1.4448E+00      1.5268E-03      7.6399E+01      1.0641E+02      1.0000E+00
      8.4095E-04      1.6671E+00      1.2949E+00      2.0820E+00      4.4417E-04      5.3732E+01      1.1479E+02      1.0000E+00
      8.3248E-04      1.4254E+00      1.2512E+00      1.8131E+00      5.7011E-04      7.1133E+01      1.2206E+02      1.0000E+00
      1.3824E-03      1.1834E+00      1.1107E+00      1.5625E+00      1.1276E-03      8.1424E+01      1.0288E+02      1.0000E+00
      1.8352E-03      1.2419E+00      1.0633E+00      1.4892E+00      1.2825E-03      7.0706E+01      1.0592E+02      1.0000E+00
      1.2630E-03      1.4020E+00      1.1693E+00      1.6372E+00      8.8578E-04      6.1069E+01      1.1176E+02      1.0000E+00
      1.2774E-03      1.1871E+00      1.0908E+00      1.4229E+00      9.6878E-04      7.5779E+01      1.1129E+02      1.0000E+00
      3.3072E-03      1.2792E+00      1.1559E+00      1.7213E+00      2.2332E-03      6.8316E+01      1.0496E+02      1.0000E+00
      3.6517E-03      1.2314E+00      1.2037E+00      1.5426E+00      3.0359E-03      6.5167E+01      1.1448E+02      1.0000E+00
      3.5681E-03      1.6465E+00      1.2987E+00      2.0388E+00      1.9848E-03      5.3325E+01      1.1349E+02      1.0000E+00
      7.2680E-03      1.1858E+00      1.1339E+00      1.6095E+00      5.4653E-03      7.4369E+01      1.0742E+02      1.0000E+00
      7.3134E-03      1.1737E+00      1.1422E+00      1.5971E+00      5.5916E-03      7.3471E+01      1.0721E+02      1.0000E+00
      3.6102E-03      1.6817E+00      1.3302E+00      2.0664E+00      2.0830E-03      5.2215E+01      1.1704E+02      1.0000E+00
      3.5393E-03      1.1706E+00      1.1433E+00      1.4332E+00      2.4564E-03      7.7019E+01      1.1707E+02      1.0000E+00
      6.2687E-03      1.2988E+00      1.1474E+00      1.6960E+00      3.7904E-03      6.3440E+01      1.0956E+02      1.0000E+00
      6.2975E-03      1.2976E+00      1.1495E+00      1.6960E+00      3.7661E-03      6.2602E+01      1.0953E+02      1.0000E+00
      3.5180E-03      1.1742E+00      1.1450E+00      1.4481E+00      2.4441E-03      7.7034E+01      1.1692E+02      1.0000E+00
      3.5152E-03      1.7142E+00      1.3365E+00      2.1306E+00      1.8629E-03      5.1678E+01      1.1567E+02      1.0000E+00
      7.8624E-03      1.1589E+00      1.1033E+00      1.4906E+00      6.1745E-03      7.5077E+01      1.0700E+02      1.0000E+00
      7.7311E-03      1.1637E+00      1.0878E+00      1.4863E+00      5.9877E-03      7.7279E+01      1.0630E+02      1.0000E+00
      3.4264E-03      1.6666E+00      1.3043E+00      2.0922E+00      1.8369E-03      5.3046E+01      1.1389E+02      1.0000E+00
      3.3139E-03      1.3732E+00      1.2069E+00      1.7495E+00      2.3457E-03      7.4154E+01      1.1888E+02      1.0000E+00
      5.4797E-03      1.3881E+00      1.1748E+00      1.7857E+00      4.0058E-03      7.0315E+01      1.0372E+02      1.0000E+00
      3.5974E-03      1.2926E+00      1.3239E+00      1.9869E+00      2.2936E-03      6.2496E+01      1.0987E+02      1.0000E+00
      3.4163E-03      1.3217E+00      1.3315E+00      1.9745E+00      2.5349E-03      6.6595E+01      1.1131E+02      1.0000E+00
      3.4163E-03      1.3217E+00      1.3316E+00      1.9746E+00      2.5349E-03      6.6591E+01      1.1132E+02      1.0000E+00
      3.5954E-03      1.2917E+00      1.3232E+00      1.9852E+00      2.2935E-03      6.2541E+01      1.0987E+02      1.0000E+00
      5.4743E-03      1.3886E+00      1.1753E+00      1.7875E+00      4.0019E-03      7.0250E+01      1.0364E+02      1.0000E+00
      3.3096E-03      1.3744E+00      1.2084E+00      1.7509E+00      2.3421E-03      7.4046E+01      1.1898E+02      1.0000E+00
      3.4031E-03      1.6599E+00      1.2977E+00      2.0809E+00      1.8339E-03      5.3476E+01      1.1359E+02      1.0000E+00
      7.6065E-03      1.1697E+00      1.0872E+00      1.4816E+00      5.9432E-03      7.6332E+01      1.0654E+02      1.0000E+00
      7.7424E-03      1.1726E+00      1.1013E+00      1.4963E+00      6.0915E-03      7.4306E+01      1.0735E+02      1.0000E+00
      3.4723E-03      1.7006E+00      1.3238E+00      2.1065E+00      1.8614E-03      5.2465E+01      1.1516E+02      1.0000E+00
      3.3716E-03      1.3613E+00      1.2115E+00      1.7219E+00      2.3792E-03      7.3795E+01      1.1962E+02      1.0000E+00
      5.6223E-03      1.3652E+00      1.1614E+00      1.7507E+00      4.0911E-03      6.9742E+01      1.0293E+02      1.0000E+00
      3.7069E-03      1.2968E+00      1.3346E+00      1.9850E+00      2.3341E-03      6.1072E+01      1.1125E+02      1.0000E+00
      3.4650E-03      1.3078E+00      1.3168E+00      1.9377E+00      2.5784E-03      6.6757E+01      1.1130E+02      1.0000E+00
      3.4528E-03      1.3272E+00      1.3409E+00      1.9867E+00      2.5406E-03      6.5812E+01      1.1180E+02      1.0000E+00
      3.6025E-03      1.2908E+00      1.3211E+00      1.9815E+00      2.2983E-03      6.2568E+01      1.0979E+02      1.0000E+00
      5.4846E-03      1.3894E+00      1.1756E+00      1.7881E+00      4.0051E-03      7.0219E+01      1.0373E+02      1.0000E+00
      3.3136E-03      1.3733E+00      1.2068E+00      1.7501E+00      2.3456E-03      7.4171E+01      1.1887E+02      1.0000E+00
      3.4274E-03      1.6611E+00      1.3011E+00      2.0876E+00      1.8365E-03      5.3144E+01      1.1360E+02      1.0000E+00
      7.7246E-03      1.1667E+00      1.0859E+00      1.4896E+00      5.9788E-03      7.7420E+01      1.0609E+02      1.0000E+00
      7.8508E-03      1.1600E+00      1.1057E+00      1.4904E+00      6.1645E-03      7.4694E+01      1.0739E+02      1.0000E+00
      3.5020E-03      1.7189E+00      1.3382E+00      2.1309E+00      1.8627E-03      5.1735E+01      1.1594E+02      1.0000E+00
      3.3576E-03      1.3638E+00      1.2055E+00      1.7209E+00      2.3825E-03      7.3809E+01      1.1923E+02      1.0000E+00
      5.5916E-03      1.3755E+00      1.1680E+00      1.7697E+00      4.0604E-03      6.9522E+01      1.0305E+02      1.0000E+00
      3.6959E-03      1.2876E+00      1.3150E+00      1.9533E+00      2.3554E-03      6.1870E+01      1.1070E+02      1.0000E+00
      3.5566E-03      1.3065E+00      1.3320E+00      1.9405E+00      2.6026E-03      6.5308E+01      1.1280E+02      1.0000E+00
      3.5569E-03      1.3200E+00      1.3450E+00      1.9694E+00      2.5864E-03      6.4704E+01      1.1294E+02      1.0000E+00
      3.6612E-03      1.2833E+00      1.3119E+00      1.9512E+00      2.3398E-03      6.2341E+01      1.1011E+02      1.0000E+00
      5.5418E-03      1.3855E+00      1.1745E+00      1.7870E+00      4.0214E-03      6.9670E+01      1.0349E+02      1.0000E+00
      3.3212E-03      1.3721E+00      1.2109E+00      1.7488E+00      2.3462E-03      7.4027E+01      1.1916E+02      1.0000E+00
      3.4039E-03      1.6620E+00      1.2986E+00      2.0808E+00      1.8359E-03      5.3473E+01      1.1368E+02      1.0000E+00
      7.5725E-03      1.1684E+00      1.0882E+00      1.4766E+00      5.9469E-03      7.5932E+01      1.0664E+02      1.0000E+00
      7.5725E-03      1.1684E+00      1.0882E+00      1.4766E+00      5.9469E-03      7.5932E+01      1.0664E+02      1.0000E+00
      3.4039E-03      1.6620E+00      1.2986E+00      2.0808E+00      1.8359E-03      5.3473E+01      1.1368E+02      1.0000E+00
      3.3212E-03      1.3721E+00      1.2109E+00      1.7488E+00      2.3462E-03      7.4027E+01      1.1916E+02      1.0000E+00
      5.5418E-03      1.3855E+00      1.1745E+00      1.7870E+00      4.0214E-03      6.9670E+01      1.0349E+02      1.0000E+00
      3.6612E-03      1.2833E+00      1.3119E+00      1.9512E+00      2.3398E-03      6.2341E+01      1.1011E+02      1.0000E+00
      3.5569E-03      1.3200E+00      1.3450E+00      1.9694E+00      2.5864E-03      6.4704E+01      1.1294E+02      1.0000E+00
      3.5566E-03      1.3065E+00      1.3320E+00      1.9405E+00      2.6026E-03      6.5308E+01      1.1280E+02      1.0000E+00
      3.6960E-03      1.2875E+00      1.3150E+00      1.9533E+00      2.3554E-03      6.1868E+01      1.1069E+02      1.0000E+00
      5.5923E-03      1.3758E+00      1.1682E+00      1.7701E+00      4.0600E-03      6.9530E+01      1.0309E+02      1.0000E+00
      3.3582E-03      1.3636E+00      1.2050E+00      1.7214E+00      2.3836E-03      7.3868E+01      1.1917E+02      1.0000E+00
      3.6312E-03      1.6723E+00      1.3305E+00      2.1480E+00      2.0904E-03      5.1791E+01      1.1535E+02      1.0000E+00
      6.8281E-03      1.1929E+00      1.2025E+00      1.7461E+00      4.9704E-03      7.2264E+01      1.0779E+02      1.0000E+00
      6.7821E-03      1.1920E+00      1.1959E+00      1.7397E+00      4.9224E-03      7.2877E+01      1.0768E+02      1.0000E+00
      3.5827E-03      1.6651E+00      1.3274E+00      2.1259E+00      2.0579E-03      5.1799E+01      1.1529E+02      1.0000E+00
      3.6385E-03      1.2248E+00      1.1359E+00      1.4717E+00      2.8009E-03      6.3103E+01      1.1045E+02      1.0000E+00
      3.6384E-03      1.2248E+00      1.1359E+00      1.4717E+00      2.8008E-03      6.3103E+01      1.1045E+02      1.0000E+00
      3.5823E-03      1.6649E+00      1.3272E+00      2.1256E+00      2.0579E-03      5.1807E+01      1.1528E+02      1.0000E+00
      6.7758E-03      1.1917E+00      1.1958E+00      1.7385E+00      4.9217E-03      7.2845E+01      1.0768E+02      1.0000E+00
      6.7758E-03      1.1917E+00      1.1958E+00      1.7385E+00      4.9217E-03      7.2845E+01      1.0768E+02      1.0000E+00
      3.5823E-03      1.6649E+00      1.3272E+00      2.1256E+00      2.0579E-03      5.1807E+01      1.1528E+02      1.0000E+00
      3.6384E-03      1.2248E+00      1.1359E+00      1.4717E+00      2.8008E-03      6.3103E+01      1.1045E+02      1.0000E+00
      3.6385E-03      1.2248E+00      1.1359E+00      1.4717E+00      2.8009E-03      6.3103E+01      1.1045E+02      1.0000E+00
      3.5825E-03      1.6651E+00      1.3273E+00      2.1259E+00      2.0579E-03      5.1801E+01      1.1529E+02      1.0000E+00
      6.7765E-03      1.1917E+00      1.1959E+00      1.7386E+00      4.9222E-03      7.2839E+01      1.0768E+02      1.0000E+00
      6.7760E-03      1.1917E+00      1.1958E+00      1.7385E+00      4.9216E-03      7.2850E+01      1.0768E+02      1.0000E+00
      3.5823E-03      1.6649E+00      1.3272E+00      2.1256E+00      2.0579E-03      5.1807E+01      1.1528E+02      1.0000E+00
      3.6382E-03      1.2247E+00      1.1358E+00      1.4716E+00      2.8008E-03      6.3108E+01      1.1044E+02      1.0000E+00
      3.6382E-03      1.2247E+00      1.1358E+00      1.4715E+00      2.8008E-03      6.3109E+01      1.1044E+02      1.0000E+00
      3.5826E-03      1.6651E+00      1.3273E+00      2.1259E+00      2.0579E-03      5.1800E+01      1.1529E+02      1.0000E+00
      6.7819E-03      1.1920E+00      1.1959E+00      1.7397E+00      4.9223E-03      7.2878E+01      1.0768E+02      1.0000E+00
      6.8279E-03      1.1930E+00      1.2026E+00      1.7460E+00      4.9703E-03      7.2263E+01      1.0779E+02      1.0000E+00
      3.6312E-03      1.6723E+00      1.3305E+00      2.1479E+00      2.0904E-03      5.1791E+01      1.1535E+02      1.0000E+00
      3.7635E-03      1.2636E+00      1.1503E+00      1.5138E+00      2.8457E-03      6.1348E+01      1.1225E+02      1.0000E+00
      3.7635E-03      1.2636E+00      1.1503E+00      1.5138E+00      2.8457E-03      6.1348E+01      1.1225E+02      1.0000E+00
      6.1626E-03      1.3444E+00      1.3067E+00      2.1020E+00      3.3645E-03      6.2194E+01      1.1269E+02      1.0000E+00
      6.1419E-03      1.3470E+00      1.3054E+00      2.1020E+00      3.3315E-03      6.2084E+01      1.1316E+02      1.0000E+00
      5.2328E-03      1.1665E+00      1.0409E+00      1.3088E+00      4.2605E-03      8.2112E+01      1.0384E+02      1.0000E+00
      5.2543E-03      1.1656E+00      1.0394E+00      1.3110E+00      4.2829E-03      8.0934E+01      1.0255E+02      1.0000E+00
      6.2618E-03      1.3755E+00      1.3311E+00      2.1616E+00      3.3758E-03      6.0590E+01      1.1199E+02      1.0000E+00
      6.2831E-03      1.3718E+00      1.3281E+00      2.1616E+00      3.3963E-03      6.1384E+01      1.1252E+02      1.0000E+00
      5.3191E-03      1.1636E+00      1.0385E+00      1.3022E+00      4.3168E-03      8.1330E+01      1.0334E+02      1.0000E+00
      5.3267E-03      1.1635E+00      1.0382E+00      1.3031E+00      4.3221E-03      8.1011E+01      1.0304E+02      1.0000E+00
      6.3022E-03      1.3717E+00      1.3306E+00      2.1642E+00      3.4092E-03      6.1210E+01      1.1223E+02      1.0000E+00
      6.3019E-03      1.3717E+00      1.3306E+00      2.1642E+00      3.4092E-03      6.1208E+01      1.1223E+02      1.0000E+00
      5.3228E-03      1.1632E+00      1.0382E+00      1.3035E+00      4.3190E-03      8.0973E+01      1.0300E+02      1.0000E+00
      5.2866E-03      1.1631E+00      1.0384E+00      1.2989E+00      4.3121E-03      8.1834E+01      1.0339E+02      1.0000E+00
      6.1853E-03      1.3509E+00      1.3112E+00      2.1151E+00      3.3663E-03      6.1994E+01      1.1271E+02      1.0000E+00
      6.1835E-03      1.3511E+00      1.3112E+00      2.1151E+00      3.3662E-03      6.1984E+01      1.1268E+02      1.0000E+00
      5.2740E-03      1.1616E+00      1.0380E+00      1.2990E+00      4.3051E-03      8.1728E+01      1.0319E+02      1.0000E+00
      5.2724E-03      1.1617E+00      1.0380E+00      1.2989E+00      4.3051E-03      8.1755E+01      1.0319E+02      1.0000E+00
