  
 ----------------
 Bad Element Info
 ----------------
  
 Element          575
        -0.94565512899572857       0.23506807575637687        0.0000000000000000     
        -0.94833863569920063       0.27179085662276908        0.0000000000000000     
        -0.98092146698865212       0.25600079812482551        0.0000000000000000     
        -0.97999999999999998       0.25000000000000000        0.0000000000000000     
 Problems:
       Edge Ratio         6.1685996447369638     
  
 //////////////////////////////////////////////////
 Element          579
         -1.0166634817321627       0.30665628610471946        0.0000000000000000     
         -1.0251014145725272       0.28086313938111346        0.0000000000000000     
         -1.0116640199083962       0.26624655777623485        0.0000000000000000     
         -1.0036611838230192       0.26966203786523824        0.0000000000000000     
 Problems:
       Edge Ratio         4.5065825812937543     
  
 //////////////////////////////////////////////////
 Element          590
          1.0468925907443505       0.23129979880162232        0.0000000000000000     
          1.0465887945546106       0.27130351826103344        0.0000000000000000     
          1.0189338849533485       0.25644267029835938        0.0000000000000000     
          1.0200000000000000       0.25000000000000000        0.0000000000000000     
 Problems:
       Edge Ratio         6.1260546080144875     
  
 //////////////////////////////////////////////////
 Element          592
          1.0248650312405752       0.28109725997598689        0.0000000000000000     
          1.0156317449009884       0.30700411209171752        0.0000000000000000     
          1.0036611838230192       0.26966203786523824        0.0000000000000000     
          1.0116640199083962       0.26624655777623485        0.0000000000000000     
 Problems:
       Edge Ratio         4.5067154735783479     
  
 //////////////////////////////////////////////////
  
 ------------------------
 2D Mesh Quality Measures
 ------------------------
  
Signed Area     Aspect Ratio    Condition       Edge Ratio      Jacobian        Minimum Angle   Maximum Angle   Area Sign       
      8.6590E-04      1.3029E+00      1.1678E+00      1.5643E+00      5.1074E-04      7.2671E+01      1.2103E+02      1.0000E+00
      8.4320E-04      1.3038E+00      1.1358E+00      1.6328E+00      4.9018E-04      6.8509E+01      1.1797E+02      1.0000E+00
      2.3489E-03      1.6575E+00      1.4379E+00      2.1568E+00      1.1455E-03      4.4168E+01      1.1077E+02      1.0000E+00
      2.3899E-03      1.6227E+00      1.3715E+00      2.2270E+00      1.1667E-03      4.7087E+01      1.0741E+02      1.0000E+00
      1.2812E-03      1.1194E+00      1.0352E+00      1.2180E+00      1.1918E-03      8.0789E+01      1.0275E+02      1.0000E+00
      1.3145E-03      1.1033E+00      1.0344E+00      1.2341E+00      1.2449E-03      8.0276E+01      9.8791E+01      1.0000E+00
      1.4138E-03      1.0505E+00      1.0080E+00      1.1286E+00      1.3557E-03      8.6937E+01      9.2055E+01      1.0000E+00
      1.5888E-03      1.0286E+00      1.0024E+00      1.0389E+00      1.5619E-03      8.6688E+01      9.3366E+01      1.0000E+00
      1.8375E-03      1.7970E+00      1.5860E+00      2.2297E+00      1.0753E-03      4.2276E+01      1.3210E+02      1.0000E+00
      1.1375E-03      1.1450E+00      1.0255E+00      1.2516E+00      9.4348E-04      7.8505E+01      9.8385E+01      1.0000E+00
      2.0314E-03      1.6202E+00      1.5345E+00      2.2022E+00      1.2438E-03      4.8322E+01      1.2952E+02      1.0000E+00
      1.5223E-03      1.0473E+00      1.0073E+00      1.0924E+00      1.4260E-03      8.5381E+01      9.6693E+01      1.0000E+00
      1.5973E-03      1.0099E+00      1.0002E+00      1.0179E+00      1.5723E-03      8.9426E+01      9.1218E+01      1.0000E+00
      1.7147E-03      1.0535E+00      1.0043E+00      1.0757E+00      1.6503E-03      8.6704E+01      9.3790E+01      1.0000E+00
      1.6315E-03      1.0106E+00      1.0006E+00      1.0166E+00      1.6159E-03      8.8193E+01      9.1950E+01      1.0000E+00
      1.3433E-03      1.0412E+00      1.0045E+00      1.0969E+00      1.2401E-03      8.5237E+01      9.4029E+01      1.0000E+00
      1.4915E-03      1.0254E+00      1.0014E+00      1.0400E+00      1.4681E-03      8.8000E+01      9.2327E+01      1.0000E+00
      2.0005E-03      1.6207E+00      1.4824E+00      2.2212E+00      1.1460E-03      4.6997E+01      1.2429E+02      1.0000E+00
      1.1856E-03      1.1277E+00      1.0376E+00      1.2796E+00      9.3708E-04      8.0936E+01      1.0503E+02      1.0000E+00
      2.1430E-03      1.6805E+00      1.5581E+00      2.2176E+00      1.2918E-03      4.6087E+01      1.3067E+02      1.0000E+00
      1.5412E-03      1.0445E+00      1.0068E+00      1.0693E+00      1.4975E-03      8.4556E+01      9.6370E+01      1.0000E+00
      1.4729E-03      1.0264E+00      1.0102E+00      1.0697E+00      1.4253E-03      8.3233E+01      9.7310E+01      1.0000E+00
      1.5594E-03      1.0637E+00      1.0063E+00      1.1154E+00      1.4788E-03      8.7505E+01      9.3523E+01      1.0000E+00
      1.7513E-03      1.0707E+00      1.0070E+00      1.1142E+00      1.6831E-03      8.7300E+01      9.3403E+01      1.0000E+00
      1.5791E-03      1.0203E+00      1.0016E+00      1.0363E+00      1.5365E-03      8.6823E+01      9.1853E+01      1.0000E+00
      1.6484E-03      1.0014E+00      1.0000E+00      1.0031E+00      1.6465E-03      8.9447E+01      9.0510E+01      1.0000E+00
      2.0784E-03      1.6555E+00      1.9109E+00      2.1442E+00      1.2049E-03      4.3562E+01      1.4052E+02      1.0000E+00
      2.1027E-03      1.7580E+00      2.0903E+00      2.2203E+00      1.1105E-03      4.1502E+01      1.4488E+02      1.0000E+00
      6.8714E-04      1.2554E+00      1.2037E+00      1.4846E+00      3.9739E-04      7.4601E+01      1.2380E+02      1.0000E+00
      1.8323E-03      1.0364E+00      1.0125E+00      1.1144E+00      1.7471E-03      8.3463E+01      9.6545E+01      1.0000E+00
      1.6699E-03      1.0799E+00      1.0143E+00      1.1541E+00      1.5356E-03      8.0948E+01      9.7953E+01      1.0000E+00
      9.8372E-04      1.3788E+00      1.4201E+00      1.7002E+00      4.4601E-04      7.0638E+01      1.3514E+02      1.0000E+00
      1.8639E-03      1.0387E+00      1.0099E+00      1.1010E+00      1.7659E-03      8.3645E+01      9.6847E+01      1.0000E+00
      1.7024E-03      1.0649E+00      1.0131E+00      1.1547E+00      1.5401E-03      8.1262E+01      9.5792E+01      1.0000E+00
      1.0124E-03      1.4084E+00      1.3947E+00      1.7864E+00      4.7214E-04      7.0598E+01      1.3377E+02      1.0000E+00
      9.2193E-04      1.2819E+00      1.2662E+00      1.5593E+00      4.8964E-04      7.2822E+01      1.2773E+02      1.0000E+00
      1.5836E-03      1.0299E+00      1.0015E+00      1.0536E+00      1.5511E-03      8.8994E+01      9.1802E+01      1.0000E+00
      1.4143E-03      1.0360E+00      1.0079E+00      1.0676E+00      1.3455E-03      8.2837E+01      9.4424E+01      1.0000E+00
      1.1570E-03      1.3066E+00      1.1166E+00      1.7442E+00      7.7298E-04      7.3082E+01      1.1128E+02      1.0000E+00
      1.6372E-03      1.0172E+00      1.0006E+00      1.0313E+00      1.6032E-03      8.9149E+01      9.1862E+01      1.0000E+00
      1.6711E-03      1.0317E+00      1.0083E+00      1.0958E+00      1.5725E-03      8.5285E+01      9.6212E+01      1.0000E+00
      1.6649E-03      1.0590E+00      1.0043E+00      1.0965E+00      1.5797E-03      8.6298E+01      9.2265E+01      1.0000E+00
      2.0456E-03      1.1076E+00      1.0168E+00      1.1863E+00      1.7968E-03      8.4783E+01      9.8937E+01      1.0000E+00
      1.6798E-03      1.2037E+00      1.1093E+00      1.3918E+00      1.4366E-03      6.6572E+01      1.0798E+02      1.0000E+00
      3.0689E-03      1.5098E+00      1.4267E+00      1.6402E+00      1.7877E-03      5.7506E+01      1.3525E+02      1.0000E+00
      2.4906E-03      1.4310E+00      1.2226E+00      1.9996E+00      1.6290E-03      6.4594E+01      1.1677E+02      1.0000E+00
      5.8936E-03      1.1172E+00      1.0279E+00      1.2760E+00      5.1569E-03      7.9930E+01      9.9601E+01      1.0000E+00
      5.9578E-03      1.0132E+00      1.0005E+00      1.0307E+00      5.8601E-03      8.8505E+01      9.1343E+01      1.0000E+00
      6.1263E-03      1.1985E+00      1.2084E+00      1.3193E+00      4.2721E-03      7.0589E+01      1.2391E+02      1.0000E+00
      6.1055E-03      1.1746E+00      1.0392E+00      1.3062E+00      5.2611E-03      7.7111E+01      1.0345E+02      1.0000E+00
      1.2543E-03      1.1201E+00      1.0511E+00      1.2361E+00      1.0116E-03      8.1365E+01      1.0776E+02      1.0000E+00
      2.2950E-03      1.6614E+00      1.4489E+00      2.2353E+00      1.2697E-03      5.4449E+01      1.3127E+02      1.0000E+00
      2.0075E-03      1.6360E+00      1.2966E+00      2.1659E+00      1.1887E-03      5.3929E+01      1.2096E+02      1.0000E+00
      2.1487E-03      1.5921E+00      1.3326E+00      1.8741E+00      1.3945E-03      5.0467E+01      1.2136E+02      1.0000E+00
      1.2956E-03      1.0672E+00      1.0428E+00      1.1292E+00      1.2121E-03      7.4180E+01      1.0498E+02      1.0000E+00
      2.5228E-03      1.6525E+00      1.5478E+00      2.3086E+00      1.3255E-03      5.3454E+01      1.3365E+02      1.0000E+00
      6.8574E-03      1.0592E+00      1.0083E+00      1.1120E+00      6.2943E-03      8.2804E+01      9.3725E+01      1.0000E+00
      6.1389E-03      1.0101E+00      1.0003E+00      1.0237E+00      6.0454E-03      8.8967E+01      9.0708E+01      1.0000E+00
      6.0471E-03      1.0290E+00      1.0021E+00      1.0524E+00      5.9878E-03      8.7688E+01      9.2619E+01      1.0000E+00
      5.9434E-03      1.0271E+00      1.0019E+00      1.0555E+00      5.8737E-03      8.8132E+01      9.2451E+01      1.0000E+00
      1.1766E-03      1.2836E+00      1.2165E+00      1.5438E+00      7.8534E-04      6.7952E+01      1.2306E+02      1.0000E+00
      1.7973E-03      1.1429E+00      1.0260E+00      1.2301E+00      1.5670E-03      7.8994E+01      9.6961E+01      1.0000E+00
      1.6195E-03      1.0688E+00      1.0076E+00      1.1198E+00      1.5546E-03      8.7184E+01      9.4069E+01      1.0000E+00
      1.5925E-03      1.2232E+00      1.0655E+00      1.3212E+00      1.3331E-03      7.2547E+01      1.0449E+02      1.0000E+00
      1.6176E-03      1.0893E+00      1.0167E+00      1.1964E+00      1.5685E-03      8.7016E+01      9.1947E+01      1.0000E+00
      8.0530E-04      1.3189E+00      1.1790E+00      1.6012E+00      4.8507E-04      7.4758E+01      1.2162E+02      1.0000E+00
      1.6124E-03      1.1051E+00      1.0687E+00      1.3793E+00      1.3433E-03      7.8081E+01      1.0086E+02      1.0000E+00
      1.2327E-03      1.0974E+00      1.0278E+00      1.1894E+00      1.0187E-03      8.3391E+01      1.0336E+02      1.0000E+00
      2.1497E-03      1.8453E+00      1.4735E+00      2.4168E+00      1.1829E-03      4.6539E+01      1.2891E+02      1.0000E+00
      2.0500E-03      1.6814E+00      1.4453E+00      2.1665E+00      1.2336E-03      4.7739E+01      1.2773E+02      1.0000E+00
      2.3717E-03      1.7687E+00      1.4899E+00      2.1074E+00      1.4303E-03      4.3622E+01      1.2772E+02      1.0000E+00
      1.2984E-03      1.0839E+00      1.0401E+00      1.1843E+00      1.1931E-03      7.5417E+01      1.0279E+02      1.0000E+00
      2.2612E-03      1.7282E+00      1.5658E+00      2.2925E+00      1.2940E-03      4.4441E+01      1.2950E+02      1.0000E+00
      2.2166E-03      1.6871E+00      1.7463E+00      1.8675E+00      1.4615E-03      4.2102E+01      1.4026E+02      1.0000E+00
      8.4545E-04      1.3173E+00      1.0963E+00      1.4700E+00      6.7780E-04      7.1657E+01      1.0746E+02      1.0000E+00
      1.7951E-03      1.8457E+00      1.9697E+00      2.5786E+00      9.6705E-04      3.8878E+01      1.3645E+02      1.0000E+00
      2.2369E-03      1.7227E+00      1.4659E+00      2.2216E+00      1.3108E-03      4.6616E+01      1.2817E+02      1.0000E+00
      2.1544E-03      1.5834E+00      1.3622E+00      2.1362E+00      1.2404E-03      5.0062E+01      1.2004E+02      1.0000E+00
      1.2365E-03      1.1307E+00      1.0780E+00      1.2179E+00      1.0082E-03      7.8104E+01      1.1179E+02      1.0000E+00
      5.6677E-03      1.1969E+00      1.0756E+00      1.2699E+00      4.9376E-03      6.9893E+01      1.0880E+02      1.0000E+00
      4.9679E-03      1.2712E+00      1.0662E+00      1.3802E+00      4.0372E-03      7.8295E+01      1.0232E+02      1.0000E+00
      1.2307E-03      1.0498E+00      1.0159E+00      1.0896E+00      1.1201E-03      8.4846E+01      1.0016E+02      1.0000E+00
      2.3716E-03      1.6951E+00      1.5529E+00      2.2779E+00      1.1412E-03      5.4984E+01      1.3642E+02      1.0000E+00
      1.9878E-03      1.5552E+00      1.2832E+00      1.9496E+00      1.3280E-03      5.5251E+01      1.2341E+02      1.0000E+00
      2.0629E-03      1.5483E+00      1.3537E+00      1.9229E+00      1.3401E-03      5.0040E+01      1.2431E+02      1.0000E+00
      1.2608E-03      1.1413E+00      1.0359E+00      1.2993E+00      1.0540E-03      7.7316E+01      9.6142E+01      1.0000E+00
      2.2315E-03      1.5517E+00      1.8060E+00      2.1921E+00      1.1131E-03      5.1537E+01      1.3954E+02      1.0000E+00
      5.5014E-03      1.0668E+00      1.0110E+00      1.1186E+00      5.4147E-03      8.4497E+01      9.5993E+01      1.0000E+00
      5.4638E-03      1.0643E+00      1.0107E+00      1.1149E+00      5.4181E-03      8.4441E+01      9.5762E+01      1.0000E+00
      4.8136E-03      1.1242E+00      1.0340E+00      1.1993E+00      4.7049E-03      7.9036E+01      1.0099E+02      1.0000E+00
      4.9258E-03      1.1163E+00      1.0329E+00      1.1932E+00      4.9013E-03      7.9446E+01      1.0058E+02      1.0000E+00
      6.0521E-03      1.0059E+00      1.0001E+00      1.0103E+00      6.0244E-03      8.9615E+01      9.0215E+01      1.0000E+00
      6.1563E-03      1.0110E+00      1.0003E+00      1.0210E+00      6.1061E-03      8.9479E+01      9.0925E+01      1.0000E+00
      6.6611E-03      1.0366E+00      1.0074E+00      1.0797E+00      6.2521E-03      8.3053E+01      9.3974E+01      1.0000E+00
      5.4726E-03      1.1615E+00      1.1371E+00      1.2808E+00      3.8571E-03      7.8186E+01      1.1842E+02      1.0000E+00
      2.1725E-03      1.4783E+00      1.3316E+00      2.0155E+00      1.3436E-03      5.9377E+01      1.2489E+02      1.0000E+00
      6.0695E-03      1.0099E+00      1.0002E+00      1.0177E+00      6.0495E-03      8.9312E+01      9.0757E+01      1.0000E+00
      6.1845E-03      1.0090E+00      1.0006E+00      1.0250E+00      6.1380E-03      8.8674E+01      9.1350E+01      1.0000E+00
      5.8968E-03      1.0252E+00      1.0018E+00      1.0493E+00      5.8857E-03      8.7857E+01      9.2041E+01      1.0000E+00
      6.0286E-03      1.0268E+00      1.0023E+00      1.0604E+00      5.9569E-03      8.7996E+01      9.2294E+01      1.0000E+00
      6.3538E-03      1.0134E+00      1.0004E+00      1.0285E+00      6.2742E-03      8.9368E+01      9.1270E+01      1.0000E+00
      6.7677E-03      1.0270E+00      1.0042E+00      1.0599E+00      6.4461E-03      8.4783E+01      9.2921E+01      1.0000E+00
      6.2602E-03      1.0234E+00      1.0020E+00      1.0571E+00      6.1812E-03      8.8177E+01      9.1975E+01      1.0000E+00
      6.7600E-03      1.0518E+00      1.0052E+00      1.1031E+00      6.3360E-03      8.4574E+01      9.1981E+01      1.0000E+00
      1.9068E-03      1.0599E+00      1.0108E+00      1.1146E+00      1.7238E-03      8.1652E+01      9.3063E+01      1.0000E+00
      1.6241E-03      1.0339E+00      1.0034E+00      1.0502E+00      1.5671E-03      8.6420E+01      9.4728E+01      1.0000E+00
      1.6936E-03      1.0497E+00      1.0116E+00      1.0897E+00      1.5680E-03      8.1313E+01      9.4686E+01      1.0000E+00
      1.4962E-03      1.1765E+00      1.1463E+00      1.3362E+00      1.0718E-03      7.4553E+01      1.1882E+02      1.0000E+00
      5.6716E-04      1.4631E+00      1.3309E+00      2.0372E+00      3.4788E-04      6.0318E+01      1.2414E+02      1.0000E+00
      2.1301E-03      1.5142E+00      1.3656E+00      2.0285E+00      1.2678E-03      5.8280E+01      1.2771E+02      1.0000E+00
      1.2971E-03      1.1191E+00      1.0412E+00      1.2346E+00      1.0221E-03      8.1741E+01      1.0617E+02      1.0000E+00
      2.1694E-03      1.4982E+00      1.3433E+00      2.0556E+00      1.2802E-03      6.0094E+01      1.2613E+02      1.0000E+00
      1.6074E-03      1.0127E+00      1.0022E+00      1.0260E+00      1.5808E-03      8.6674E+01      9.3738E+01      1.0000E+00
      1.5645E-03      1.1407E+00      1.0629E+00      1.2862E+00      1.3311E-03      7.4443E+01      1.0794E+02      1.0000E+00
      1.8642E-03      1.0903E+00      1.0139E+00      1.1573E+00      1.6570E-03      8.0937E+01      9.4100E+01      1.0000E+00
      1.3606E-03      1.1119E+00      1.0143E+00      1.1794E+00      1.2391E-03      8.3821E+01      9.4478E+01      1.0000E+00
      4.9093E-04      1.0834E+00      1.0136E+00      1.1573E+00      4.3921E-04      8.0917E+01      9.3718E+01      1.0000E+00
      4.0443E-04      1.0583E+00      1.0065E+00      1.0869E+00      3.8317E-04      8.5542E+01      9.5990E+01      1.0000E+00
      3.8529E-04      1.0037E+00      1.0003E+00      1.0104E+00      3.8369E-04      8.8717E+01      9.1332E+01      1.0000E+00
      3.8758E-04      1.0039E+00      1.0001E+00      1.0086E+00      3.8572E-04      8.9446E+01      9.0617E+01      1.0000E+00
      5.7405E-04      1.6402E+00      1.5547E+00      2.2354E+00      3.1847E-04      5.1764E+01      1.3366E+02      1.0000E+00
      3.1390E-04      1.1094E+00      1.0286E+00      1.2354E+00      2.5233E-04      8.0826E+01      1.0340E+02      1.0000E+00
      4.8890E-04      1.4884E+00      1.3621E+00      1.9607E+00      3.1705E-04      5.2406E+01      1.2294E+02      1.0000E+00
      3.8870E-04      1.0310E+00      1.0027E+00      1.0446E+00      3.7816E-04      8.6618E+01      9.4092E+01      1.0000E+00
      3.9317E-04      1.0116E+00      1.0002E+00      1.0205E+00      3.8842E-04      8.9501E+01      9.0888E+01      1.0000E+00
      4.1468E-04      1.0541E+00      1.0046E+00      1.0875E+00      4.0064E-04      8.6153E+01      9.3096E+01      1.0000E+00
      3.8617E-04      1.0209E+00      1.0012E+00      1.0493E+00      3.7675E-04      8.8986E+01      9.2029E+01      1.0000E+00
      3.8682E-04      1.0023E+00      1.0000E+00      1.0059E+00      3.8519E-04      8.9830E+01      9.0313E+01      1.0000E+00
      3.8281E-04      1.0047E+00      1.0000E+00      1.0099E+00      3.8055E-04      8.9658E+01      9.0332E+01      1.0000E+00
      3.7662E-04      1.0044E+00      1.0001E+00      1.0134E+00      3.7388E-04      8.9632E+01      9.0522E+01      1.0000E+00
      3.7232E-04      1.0094E+00      1.0002E+00      1.0179E+00      3.7005E-04      8.9701E+01      9.0402E+01      1.0000E+00
      3.9432E-04      1.0054E+00      1.0001E+00      1.0128E+00      3.9107E-04      8.9187E+01      9.0593E+01      1.0000E+00
      3.8627E-04      1.0134E+00      1.0004E+00      1.0289E+00      3.7917E-04      8.8457E+01      9.1066E+01      1.0000E+00
      4.1764E-04      1.0841E+00      1.0150E+00      1.1556E+00      3.8163E-04      8.0749E+01      9.7533E+01      1.0000E+00
      4.1266E-04      1.0915E+00      1.0190E+00      1.1850E+00      3.6822E-04      7.9253E+01      9.7863E+01      1.0000E+00
      3.6852E-04      1.0128E+00      1.0011E+00      1.0401E+00      3.6077E-04      8.8449E+01      9.1955E+01      1.0000E+00
      3.5653E-04      1.0244E+00      1.0011E+00      1.0465E+00      3.5163E-04      8.9449E+01      9.1032E+01      1.0000E+00
      3.4372E-04      1.0426E+00      1.0044E+00      1.0957E+00      3.2742E-04      8.7952E+01      9.4311E+01      1.0000E+00
      3.2789E-04      1.0518E+00      1.0046E+00      1.0990E+00      3.2033E-04      8.8968E+01      9.1998E+01      1.0000E+00
      4.9477E-04      1.4723E+00      1.3163E+00      1.9363E+00      3.1839E-04      5.3505E+01      1.2026E+02      1.0000E+00
      6.4739E-04      1.7034E+00      1.5373E+00      2.3350E+00      3.3225E-04      5.3330E+01      1.3432E+02      1.0000E+00
      3.3682E-04      1.1231E+00      1.0402E+00      1.2780E+00      2.6686E-04      8.1591E+01      1.0541E+02      1.0000E+00
      4.5122E-04      1.0418E+00      1.0124E+00      1.1091E+00      4.2662E-04      8.1980E+01      9.6749E+01      1.0000E+00
      3.7419E-04      1.1333E+00      1.0489E+00      1.3308E+00      3.1957E-04      7.7200E+01      1.0324E+02      1.0000E+00
      2.9423E-04      1.3437E+00      1.4395E+00      1.5125E+00      1.5117E-04      6.8170E+01      1.3599E+02      1.0000E+00
      6.9469E-04      1.4053E+00      1.1984E+00      1.7957E+00      4.9395E-04      6.1856E+01      1.1755E+02      1.0000E+00
      2.6756E-04      1.3102E+00      1.4850E+00      1.5002E+00      1.3215E-04      6.9513E+01      1.3760E+02      1.0000E+00
      2.3104E-04      1.4238E+00      1.3288E+00      1.7594E+00      1.2907E-04      6.5071E+01      1.3003E+02      1.0000E+00
      5.8277E-03      1.1902E+00      1.1615E+00      1.3326E+00      4.1648E-03      7.2895E+01      1.2026E+02      1.0000E+00
      5.8138E-03      1.1891E+00      1.1434E+00      1.2912E+00      4.2099E-03      7.4511E+01      1.1899E+02      1.0000E+00
      2.5085E-03      1.5071E+00      1.2126E+00      1.9653E+00      1.5962E-03      5.8657E+01      1.1640E+02      1.0000E+00
      8.6380E-04      1.3082E+00      1.4986E+00      1.6437E+00      4.1508E-04      7.0407E+01      1.3713E+02      1.0000E+00
      2.2814E-03      1.5639E+00      1.7115E+00      2.0887E+00      1.0326E-03      5.5902E+01      1.4111E+02      1.0000E+00
      5.4871E-03      1.0640E+00      1.0105E+00      1.1168E+00      5.4613E-03      8.4495E+01      9.5403E+01      1.0000E+00
      5.6257E-03      1.0656E+00      1.0109E+00      1.1300E+00      5.5458E-03      8.4656E+01      9.4736E+01      1.0000E+00
      4.9691E-03      1.1188E+00      1.0331E+00      1.2030E+00      4.9452E-03      7.9908E+01      1.0029E+02      1.0000E+00
      4.9602E-03      1.1319E+00      1.0368E+00      1.2220E+00      4.8693E-03      7.9722E+01      1.0074E+02      1.0000E+00
      6.3316E-03      1.0888E+00      1.0170E+00      1.2021E+00      5.7979E-03      8.5592E+01      9.5104E+01      1.0000E+00
      5.5278E-03      1.1826E+00      1.1187E+00      1.3096E+00      4.1765E-03      7.6330E+01      1.1636E+02      1.0000E+00
      4.9248E-03      1.2602E+00      1.1038E+00      1.3404E+00      4.3010E-03      6.9478E+01      1.1192E+02      1.0000E+00
      2.2548E-03      1.5724E+00      1.3449E+00      2.0173E+00      1.3986E-03      5.6121E+01      1.2753E+02      1.0000E+00
      2.4529E-03      1.3890E+00      1.2403E+00      2.0539E+00      1.4474E-03      7.0149E+01      1.1776E+02      1.0000E+00
      1.3407E-03      1.2095E+00      1.1039E+00      1.3408E+00      1.0336E-03      7.5726E+01      1.1471E+02      1.0000E+00
      2.2410E-03      1.5258E+00      1.3351E+00      2.0422E+00      1.3511E-03      5.8789E+01      1.2626E+02      1.0000E+00
      2.2120E-03      1.4606E+00      1.3101E+00      2.0283E+00      1.3471E-03      6.1566E+01      1.2358E+02      1.0000E+00
      1.3164E-03      1.1311E+00      1.0659E+00      1.2501E+00      1.0291E-03      8.2206E+01      1.1016E+02      1.0000E+00
      2.0532E-03      1.1430E+00      1.0276E+00      1.2445E+00      1.7230E-03      8.2226E+01      1.0318E+02      1.0000E+00
      1.0040E-03      1.4164E+00      1.5587E+00      1.7699E+00      4.4876E-04      6.6054E+01      1.3941E+02      1.0000E+00
      1.6057E-03      1.0339E+00      1.0025E+00      1.0633E+00      1.5726E-03      8.7930E+01      9.3003E+01      1.0000E+00
      1.4886E-03      1.1010E+00      1.0148E+00      1.1872E+00      1.3415E-03      8.2337E+01      9.3831E+01      1.0000E+00
      1.9368E-03      1.0853E+00      1.0128E+00      1.1710E+00      1.7496E-03      8.5466E+01      9.6595E+01      1.0000E+00
      1.6392E-03      1.0244E+00      1.0032E+00      1.0553E+00      1.5962E-03      8.5584E+01      9.3405E+01      1.0000E+00
      1.5948E-03      1.0866E+00      1.0144E+00      1.1430E+00      1.5374E-03      8.3025E+01      9.6399E+01      1.0000E+00
      1.5411E-03      1.0597E+00      1.0125E+00      1.0871E+00      1.4931E-03      8.2367E+01      9.8449E+01      1.0000E+00
      1.7637E-03      1.0681E+00      1.0098E+00      1.1404E+00      1.5731E-03      8.5410E+01      9.7811E+01      1.0000E+00
      1.5800E-03      1.1248E+00      1.1057E+00      1.2059E+00      1.3156E-03      7.1931E+01      1.1471E+02      1.0000E+00
      1.5447E-03      1.1553E+00      1.0588E+00      1.2515E+00      1.3595E-03      7.1584E+01      1.0729E+02      1.0000E+00
      7.6047E-04      1.5030E+00      1.1829E+00      1.9669E+00      4.9334E-04      6.4784E+01      1.1774E+02      1.0000E+00
      8.7762E-04      1.4240E+00      1.2571E+00      1.7305E+00      5.2063E-04      6.6290E+01      1.2638E+02      1.0000E+00
      4.7164E-04      1.1921E+00      1.1237E+00      1.2292E+00      4.2025E-04      6.3093E+01      1.1588E+02      1.0000E+00
      4.9335E-04      1.7412E+00      1.8415E+00      2.9385E+00      1.5419E-04      5.6695E+01      1.4175E+02      1.0000E+00
      4.3041E-04      1.7750E+00      1.4717E+00      2.7940E+00      1.4219E-04      4.9576E+01      1.3459E+02      1.0000E+00
      1.0130E-03      1.1518E+00      1.0655E+00      1.2510E+00      8.0068E-04      7.9444E+01      1.1018E+02      1.0000E+00
      5.7229E-04      1.2268E+00      1.0569E+00      1.4485E+00      4.4940E-04      7.3034E+01      1.0309E+02      1.0000E+00
      3.0393E-04      1.4635E+00      1.2429E+00      1.8879E+00      1.5620E-04      6.6564E+01      1.2579E+02      1.0000E+00
      5.7735E-04      1.1119E+00      1.0843E+00      1.1831E+00      5.2806E-04      6.8381E+01      1.1072E+02      1.0000E+00
      7.0985E-04      1.1129E+00      1.0410E+00      1.1600E+00      6.2854E-04      7.7718E+01      1.0610E+02      1.0000E+00
      4.9916E-04      1.1504E+00      1.0564E+00      1.1924E+00      4.5308E-04      7.2343E+01      1.0705E+02      1.0000E+00
      5.4203E-04      1.2240E+00      1.1261E+00      1.3504E+00      4.5710E-04      6.3955E+01      1.1485E+02      1.0000E+00
      3.2050E-04      1.5165E+00      1.2210E+00      1.8140E+00      1.9901E-04      6.4846E+01      1.2311E+02      1.0000E+00
      3.1702E-04      1.4641E+00      1.1585E+00      1.8603E+00      2.0065E-04      7.0209E+01      1.1654E+02      1.0000E+00
      2.2685E-04      1.1917E+00      1.1606E+00      1.2911E+00      1.6817E-04      7.3065E+01      1.2034E+02      1.0000E+00
      3.8831E-04      1.1246E+00      1.0449E+00      1.3485E+00      3.2444E-04      8.0258E+01      1.0164E+02      1.0000E+00
      2.3457E-04      1.4370E+00      1.1993E+00      1.7433E+00      1.3757E-04      7.0571E+01      1.2311E+02      1.0000E+00
      3.5152E-04      1.0859E+00      1.0161E+00      1.1504E+00      3.3797E-04      8.1910E+01      9.6778E+01      1.0000E+00
      4.0595E-04      1.1106E+00      1.0441E+00      1.2177E+00      3.5945E-04      7.3574E+01      1.0412E+02      1.0000E+00
      3.2149E-04      1.0792E+00      1.0308E+00      1.1777E+00      3.0322E-04      7.8520E+01      1.0054E+02      1.0000E+00
      3.5924E-04      1.0502E+00      1.0151E+00      1.0975E+00      3.4872E-04      8.0830E+01      9.8336E+01      1.0000E+00
      4.1903E-04      1.0832E+00      1.0077E+00      1.1371E+00      3.8210E-04      8.4819E+01      9.5076E+01      1.0000E+00
      3.6402E-04      1.0213E+00      1.0026E+00      1.0501E+00      3.5265E-04      8.5885E+01      9.2828E+01      1.0000E+00
      3.6863E-04      1.0289E+00      1.0067E+00      1.0436E+00      3.6658E-04      8.3872E+01      9.6276E+01      1.0000E+00
      3.6218E-04      1.0256E+00      1.0058E+00      1.0455E+00      3.5872E-04      8.4131E+01      9.5490E+01      1.0000E+00
      3.0286E-04      1.4832E+00      1.1540E+00      1.9461E+00      1.9329E-04      6.8516E+01      1.1431E+02      1.0000E+00
      3.5161E-04      1.1566E+00      1.0741E+00      1.1953E+00      3.1665E-04      6.9168E+01      1.0828E+02      1.0000E+00
      3.7010E-04      1.0847E+00      1.0531E+00      1.0673E+00      3.5105E-04      7.3351E+01      1.0827E+02      1.0000E+00
      3.3388E-04      1.0695E+00      1.0428E+00      1.0994E+00      3.1486E-04      7.3533E+01      1.0505E+02      1.0000E+00
      3.0521E-04      1.0987E+00      1.0403E+00      1.1262E+00      2.9032E-04      7.4621E+01      1.0413E+02      1.0000E+00
      3.1591E-04      1.0913E+00      1.0351E+00      1.1391E+00      3.0514E-04      7.8058E+01      1.0375E+02      1.0000E+00
      3.3385E-04      1.0740E+00      1.0265E+00      1.1225E+00      3.2974E-04      7.8945E+01      1.0127E+02      1.0000E+00
      3.4050E-04      1.0681E+00      1.0208E+00      1.1060E+00      3.3959E-04      7.9905E+01      1.0005E+02      1.0000E+00
      3.4086E-04      1.0655E+00      1.0192E+00      1.1006E+00      3.4040E-04      8.0267E+01      9.9688E+01      1.0000E+00
      3.7232E-04      1.0094E+00      1.0002E+00      1.0179E+00      3.7005E-04      8.9701E+01      9.0402E+01      1.0000E+00
      3.7662E-04      1.0044E+00      1.0001E+00      1.0134E+00      3.7388E-04      8.9632E+01      9.0522E+01      1.0000E+00
      3.8281E-04      1.0047E+00      1.0000E+00      1.0099E+00      3.8055E-04      8.9658E+01      9.0332E+01      1.0000E+00
      3.8682E-04      1.0023E+00      1.0000E+00      1.0059E+00      3.8519E-04      8.9829E+01      9.0313E+01      1.0000E+00
      3.5653E-04      1.0244E+00      1.0011E+00      1.0465E+00      3.5163E-04      8.9449E+01      9.1032E+01      1.0000E+00
      3.6852E-04      1.0128E+00      1.0011E+00      1.0401E+00      3.6077E-04      8.8449E+01      9.1955E+01      1.0000E+00
      3.2789E-04      1.0518E+00      1.0046E+00      1.0990E+00      3.2033E-04      8.8968E+01      9.1998E+01      1.0000E+00
      3.4372E-04      1.0426E+00      1.0044E+00      1.0957E+00      3.2742E-04      8.7952E+01      9.4311E+01      1.0000E+00
      3.8627E-04      1.0134E+00      1.0004E+00      1.0289E+00      3.7917E-04      8.8457E+01      9.1066E+01      1.0000E+00
      3.9432E-04      1.0054E+00      1.0001E+00      1.0128E+00      3.9107E-04      8.9188E+01      9.0593E+01      1.0000E+00
      4.1266E-04      1.0915E+00      1.0190E+00      1.1850E+00      3.6822E-04      7.9252E+01      9.7863E+01      1.0000E+00
      4.1764E-04      1.0841E+00      1.0150E+00      1.1556E+00      3.8163E-04      8.0749E+01      9.7533E+01      1.0000E+00
      3.8758E-04      1.0039E+00      1.0001E+00      1.0086E+00      3.8572E-04      8.9446E+01      9.0617E+01      1.0000E+00
      3.8530E-04      1.0037E+00      1.0003E+00      1.0105E+00      3.8369E-04      8.8717E+01      9.1334E+01      1.0000E+00
      4.0446E-04      1.0584E+00      1.0065E+00      1.0870E+00      3.8319E-04      8.5535E+01      9.5997E+01      1.0000E+00
      4.9103E-04      1.0836E+00      1.0137E+00      1.1577E+00      4.3926E-04      8.0905E+01      9.3732E+01      1.0000E+00
      3.9317E-04      1.0116E+00      1.0002E+00      1.0204E+00      3.8843E-04      8.9503E+01      9.0889E+01      1.0000E+00
      3.8872E-04      1.0310E+00      1.0027E+00      1.0445E+00      3.7820E-04      8.6611E+01      9.4093E+01      1.0000E+00
      3.8617E-04      1.0209E+00      1.0012E+00      1.0493E+00      3.7676E-04      8.8984E+01      9.2032E+01      1.0000E+00
      4.1472E-04      1.0541E+00      1.0046E+00      1.0875E+00      4.0065E-04      8.6141E+01      9.3103E+01      1.0000E+00
      3.1393E-04      1.1093E+00      1.0286E+00      1.2354E+00      2.5237E-04      8.0819E+01      1.0339E+02      1.0000E+00
      5.7439E-04      1.6410E+00      1.5561E+00      2.2364E+00      3.1858E-04      5.1720E+01      1.3369E+02      1.0000E+00
      4.8913E-04      1.4881E+00      1.3622E+00      1.9608E+00      3.1709E-04      5.2391E+01      1.2291E+02      1.0000E+00
      2.3104E-04      1.4238E+00      1.3288E+00      1.7594E+00      1.2907E-04      6.5070E+01      1.3003E+02      1.0000E+00
      3.7420E-04      1.1333E+00      1.0489E+00      1.3309E+00      3.1957E-04      7.7197E+01      1.0325E+02      1.0000E+00
      4.5126E-04      1.0418E+00      1.0123E+00      1.1089E+00      4.2667E-04      8.1997E+01      9.6731E+01      1.0000E+00
      2.9423E-04      1.3437E+00      1.4403E+00      1.5122E+00      1.5112E-04      6.8153E+01      1.3602E+02      1.0000E+00
      4.9483E-04      1.4720E+00      1.3156E+00      1.9361E+00      3.1845E-04      5.3539E+01      1.2023E+02      1.0000E+00
      3.3705E-04      1.1227E+00      1.0404E+00      1.2778E+00      2.6720E-04      8.1686E+01      1.0545E+02      1.0000E+00
      6.4824E-04      1.7063E+00      1.5361E+00      2.3368E+00      3.3260E-04      5.3311E+01      1.3432E+02      1.0000E+00
      2.6757E-04      1.3105E+00      1.4888E+00      1.4984E+00      1.3197E-04      6.9421E+01      1.3774E+02      1.0000E+00
      6.9666E-04      1.4091E+00      1.2034E+00      1.8013E+00      4.9426E-04      6.1515E+01      1.1787E+02      1.0000E+00
      1.4976E-03      1.1758E+00      1.1461E+00      1.3363E+00      1.0726E-03      7.4601E+01      1.1881E+02      1.0000E+00
      1.6954E-03      1.0503E+00      1.0117E+00      1.0911E+00      1.5698E-03      8.1309E+01      9.4693E+01      1.0000E+00
      5.6734E-04      1.4627E+00      1.3308E+00      2.0371E+00      3.4805E-04      6.0330E+01      1.2412E+02      1.0000E+00
      1.6255E-03      1.0349E+00      1.0034E+00      1.0517E+00      1.5684E-03      8.6397E+01      9.4741E+01      1.0000E+00
      1.9082E-03      1.0610E+00      1.0108E+00      1.1167E+00      1.7252E-03      8.1660E+01      9.3077E+01      1.0000E+00
      1.5686E-03      1.1393E+00      1.0639E+00      1.2862E+00      1.3330E-03      7.4437E+01      1.0804E+02      1.0000E+00
      1.6128E-03      1.0106E+00      1.0023E+00      1.0257E+00      1.5864E-03      8.6677E+01      9.3725E+01      1.0000E+00
      1.3697E-03      1.1187E+00      1.0157E+00      1.1902E+00      1.2434E-03      8.3272E+01      9.4313E+01      1.0000E+00
      1.8788E-03      1.0955E+00      1.0144E+00      1.1678E+00      1.6716E-03      8.0951E+01      9.4203E+01      1.0000E+00
      1.3008E-03      1.1217E+00      1.0417E+00      1.2394E+00      1.0243E-03      8.1754E+01      1.0624E+02      1.0000E+00
      2.1336E-03      1.5204E+00      1.3697E+00      2.0313E+00      1.2653E-03      5.8073E+01      1.2802E+02      1.0000E+00
      2.1816E-03      1.4907E+00      1.3366E+00      2.0539E+00      1.2856E-03      6.0670E+01      1.2574E+02      1.0000E+00
      5.8351E-03      1.1810E+00      1.1650E+00      1.3229E+00      4.2237E-03      7.2176E+01      1.2040E+02      1.0000E+00
      5.6550E-03      1.1945E+00      1.1447E+00      1.3283E+00      3.9810E-03      7.5512E+01      1.1906E+02      1.0000E+00
      8.7973E-04      1.3286E+00      1.5510E+00      1.6317E+00      4.1296E-04      6.9925E+01      1.3911E+02      1.0000E+00
      2.5468E-03      1.5238E+00      1.2255E+00      1.9569E+00      1.6311E-03      5.8025E+01      1.1738E+02      1.0000E+00
      2.2034E-03      1.5636E+00      1.7539E+00      2.1310E+00      9.7821E-04      5.5637E+01      1.4163E+02      1.0000E+00
      5.4729E-03      1.1611E+00      1.1384E+00      1.2803E+00      3.8678E-03      7.7969E+01      1.1854E+02      1.0000E+00
      6.6587E-03      1.0362E+00      1.0068E+00      1.0790E+00      6.2410E-03      8.3318E+01      9.3595E+01      1.0000E+00
      2.1746E-03      1.4769E+00      1.3302E+00      2.0143E+00      1.3450E-03      5.9473E+01      1.2482E+02      1.0000E+00
      6.1536E-03      1.0101E+00      1.0002E+00      1.0197E+00      6.1060E-03      8.9606E+01      9.0493E+01      1.0000E+00
      6.0529E-03      1.0059E+00      1.0001E+00      1.0103E+00      6.0259E-03      8.9186E+01      9.0641E+01      1.0000E+00
      6.7367E-03      1.0299E+00      1.0032E+00      1.0601E+00      6.3827E-03      8.5450E+01      9.1795E+01      1.0000E+00
      6.3233E-03      1.0076E+00      1.0003E+00      1.0201E+00      6.2631E-03      8.8755E+01      9.0981E+01      1.0000E+00
      6.5949E-03      1.0321E+00      1.0080E+00      1.0693E+00      6.2657E-03      8.2773E+01      9.4991E+01      1.0000E+00
      6.1482E-03      1.0224E+00      1.0024E+00      1.0469E+00      6.0299E-03      8.7426E+01      9.3504E+01      1.0000E+00
      6.1672E-03      1.0090E+00      1.0004E+00      1.0237E+00      6.1113E-03      8.9107E+01      9.1092E+01      1.0000E+00
      6.0650E-03      1.0093E+00      1.0003E+00      1.0168E+00      6.0484E-03      8.8775E+01      9.1154E+01      1.0000E+00
      5.9691E-03      1.0230E+00      1.0029E+00      1.0514E+00      5.8986E-03      8.6802E+01      9.3474E+01      1.0000E+00
      5.8780E-03      1.0259E+00      1.0023E+00      1.0483E+00      5.8589E-03      8.7176E+01      9.2938E+01      1.0000E+00
      4.8171E-04      1.7692E+00      1.8433E+00      2.9360E+00      1.5168E-04      5.6660E+01      1.4208E+02      1.0000E+00
      4.1984E-04      1.7540E+00      1.5036E+00      2.7458E+00      1.3926E-04      5.1052E+01      1.3571E+02      1.0000E+00
      2.3450E-04      1.4279E+00      1.2292E+00      1.7409E+00      1.3682E-04      6.8841E+01      1.2494E+02      1.0000E+00
      3.8450E-04      1.1293E+00      1.0355E+00      1.3502E+00      3.2195E-04      8.1697E+01      9.9575E+01      1.0000E+00
      3.6335E-04      1.0187E+00      1.0035E+00      1.0460E+00      3.5166E-04      8.6711E+01      9.4576E+01      1.0000E+00
      4.1747E-04      1.0875E+00      1.0169E+00      1.1414E+00      3.8215E-04      8.0240E+01      9.7502E+01      1.0000E+00
      3.6176E-04      1.0265E+00      1.0066E+00      1.0455E+00      3.5790E-04      8.4271E+01      9.6238E+01      1.0000E+00
      3.6894E-04      1.0274E+00      1.0050E+00      1.0449E+00      3.6698E-04      8.4763E+01      9.5090E+01      1.0000E+00
      4.0950E-04      1.0996E+00      1.0234E+00      1.2127E+00      3.6080E-04      7.8069E+01      9.9009E+01      1.0000E+00
      3.5195E-04      1.0682E+00      1.0070E+00      1.1254E+00      3.3879E-04      8.7022E+01      9.1615E+01      1.0000E+00
      3.6184E-04      1.0404E+00      1.0067E+00      1.0909E+00      3.5011E-04      8.5913E+01      9.5326E+01      1.0000E+00
      3.2496E-04      1.0593E+00      1.0144E+00      1.1580E+00      3.0478E-04      8.5143E+01      9.6519E+01      1.0000E+00
      9.7804E-04      1.1658E+00      1.0563E+00      1.2871E+00      7.6584E-04      8.1549E+01      1.0874E+02      1.0000E+00
      3.0048E-04      1.4481E+00      1.2611E+00      1.8747E+00      1.5430E-04      6.7895E+01      1.2674E+02      1.0000E+00
      5.6039E-04      1.2288E+00      1.0505E+00      1.4448E+00      4.4070E-04      7.4656E+01      1.0160E+02      1.0000E+00
      5.6501E-04      1.1080E+00      1.0703E+00      1.1737E+00      5.1430E-04      7.1101E+01      1.0979E+02      1.0000E+00
      3.1482E-04      1.4508E+00      1.2262E+00      1.7558E+00      1.9754E-04      6.4704E+01      1.2407E+02      1.0000E+00
      2.2865E-04      1.1672E+00      1.0502E+00      1.3596E+00      1.7408E-04      7.9470E+01      1.0698E+02      1.0000E+00
      2.9762E-04      1.4402E+00      1.3329E+00      1.8528E+00      1.6897E-04      6.3482E+01      1.2894E+02      1.0000E+00
      6.7904E-04      1.0828E+00      1.0277E+00      1.1725E+00      5.9868E-04      8.1308E+01      1.0277E+02      1.0000E+00
      5.3241E-04      1.1881E+00      1.0606E+00      1.3368E+00      4.5081E-04      7.1889E+01      1.0690E+02      1.0000E+00
      4.8287E-04      1.0939E+00      1.0172E+00      1.1800E+00      4.4019E-04      8.0307E+01      9.8973E+01      1.0000E+00
      9.8460E-04      1.4168E+00      1.5613E+00      1.7513E+00      4.4250E-04      6.5728E+01      1.3958E+02      1.0000E+00
      2.0084E-03      1.1432E+00      1.0255E+00      1.2519E+00      1.6827E-03      8.2843E+01      1.0250E+02      1.0000E+00
      1.4522E-03      1.0747E+00      1.0091E+00      1.1444E+00      1.3232E-03      8.4655E+01      9.4896E+01      1.0000E+00
      1.5620E-03      1.0310E+00      1.0017E+00      1.0491E+00      1.5162E-03      8.7107E+01      9.1944E+01      1.0000E+00
      2.1569E-03      1.4945E+00      1.3256E+00      2.0130E+00      1.3138E-03      5.9661E+01      1.2550E+02      1.0000E+00
      1.2761E-03      1.1125E+00      1.0351E+00      1.2385E+00      1.0168E-03      8.1454E+01      1.0485E+02      1.0000E+00
      2.0420E-03      1.5029E+00      1.4196E+00      2.0199E+00      1.2028E-03      5.6942E+01      1.2965E+02      1.0000E+00
      1.4874E-03      1.1587E+00      1.0997E+00      1.2281E+00      1.1768E-03      7.5385E+01      1.1458E+02      1.0000E+00
      1.6659E-03      1.0811E+00      1.0184E+00      1.1261E+00      1.5244E-03      7.9473E+01      9.7371E+01      1.0000E+00
      1.3657E-03      1.1383E+00      1.0423E+00      1.3456E+00      1.1445E-03      7.9450E+01      1.0222E+02      1.0000E+00
      6.9151E-04      1.4017E+00      1.1911E+00      1.9509E+00      4.5008E-04      6.7750E+01      1.1525E+02      1.0000E+00
      4.3220E-04      1.1345E+00      1.0724E+00      1.2618E+00      3.9268E-04      7.1226E+01      1.0670E+02      1.0000E+00
      7.1007E-04      1.5400E+00      1.5145E+00      1.6475E+00      4.1979E-04      5.3188E+01      1.3805E+02      1.0000E+00
      1.5499E-03      1.0291E+00      1.0083E+00      1.0345E+00      1.5213E-03      8.2804E+01      9.7349E+01      1.0000E+00
      1.8049E-03      1.0688E+00      1.0288E+00      1.1168E+00      1.6357E-03      7.6419E+01      9.8319E+01      1.0000E+00
      1.4258E-03      1.0477E+00      1.0234E+00      1.0709E+00      1.3685E-03      7.7742E+01      1.0145E+02      1.0000E+00
      1.4920E-03      1.0617E+00      1.0305E+00      1.0586E+00      1.4396E-03      7.6651E+01      1.0396E+02      1.0000E+00
      3.4092E-04      1.0656E+00      1.0188E+00      1.1010E+00      3.4036E-04      8.0421E+01      9.9624E+01      1.0000E+00
      3.4099E-04      1.0661E+00      1.0187E+00      1.1062E+00      3.3987E-04      8.0695E+01      9.9428E+01      1.0000E+00
      3.3532E-04      1.0681E+00      1.0204E+00      1.1223E+00      3.3136E-04      8.0741E+01      9.9425E+01      1.0000E+00
      3.1751E-04      1.0828E+00      1.0206E+00      1.1523E+00      3.0816E-04      8.0303E+01      9.8226E+01      1.0000E+00
      3.0243E-04      1.0957E+00      1.0216E+00      1.1394E+00      2.8641E-04      8.0826E+01      1.0042E+02      1.0000E+00
      3.2717E-04      1.0604E+00      1.0166E+00      1.1351E+00      3.0349E-04      8.3971E+01      9.9306E+01      1.0000E+00
      3.6890E-04      1.0555E+00      1.0050E+00      1.1037E+00      3.5497E-04      8.6264E+01      9.2106E+01      1.0000E+00
      3.5624E-04      1.0768E+00      1.0080E+00      1.1335E+00      3.2941E-04      8.5074E+01      9.3843E+01      1.0000E+00
      2.8774E-04      1.2937E+00      1.1414E+00      1.6509E+00      1.9715E-04      7.1985E+01      1.1535E+02      1.0000E+00
      5.1325E-03      1.1822E+00      1.0918E+00      1.3451E+00      3.6747E-03      8.0559E+01      1.1357E+02      1.0000E+00
      6.0314E-03      1.0710E+00      1.0276E+00      1.1549E+00      5.6241E-03      7.7653E+01      1.0051E+02      1.0000E+00
      4.4344E-03      1.2544E+00      1.0677E+00      1.3701E+00      3.7933E-03      7.5846E+01      1.0297E+02      1.0000E+00
      2.0404E-03      1.4509E+00      1.4228E+00      1.9554E+00      1.2825E-03      5.6040E+01      1.2827E+02      1.0000E+00
      1.2142E-03      1.1521E+00      1.0557E+00      1.2976E+00      9.7099E-04      7.1356E+01      9.7188E+01      1.0000E+00
      1.9981E-03      1.4400E+00      1.6814E+00      1.9692E+00      1.0631E-03      5.4984E+01      1.3746E+02      1.0000E+00
      5.4809E-03      1.0668E+00      1.0124E+00      1.1181E+00      5.3535E-03      8.3656E+01      9.7346E+01      1.0000E+00
      5.4419E-03      1.0651E+00      1.0119E+00      1.1127E+00      5.4029E-03      8.3676E+01      9.6427E+01      1.0000E+00
      4.7084E-03      1.1313E+00      1.0390E+00      1.2103E+00      4.5762E-03      7.7604E+01      1.0196E+02      1.0000E+00
      4.8972E-03      1.1189E+00      1.0350E+00      1.1965E+00      4.8656E-03      7.8720E+01      1.0108E+02      1.0000E+00
      5.9683E-03      1.0147E+00      1.0007E+00      1.0311E+00      5.8691E-03      8.8066E+01      9.1780E+01      1.0000E+00
      5.9341E-03      1.1212E+00      1.0252E+00      1.2742E+00      5.1971E-03      8.0261E+01      9.9292E+01      1.0000E+00
      1.1878E-03      1.2921E+00      1.2156E+00      1.8002E+00      7.7692E-04      6.9734E+01      1.1710E+02      1.0000E+00
      1.3335E-03      1.0686E+00      1.0166E+00      1.1911E+00      1.2206E-03      8.4709E+01      9.3995E+01      1.0000E+00
      1.5194E-03      1.0128E+00      1.0003E+00      1.0245E+00      1.5004E-03      8.9494E+01      9.0929E+01      1.0000E+00
      3.1526E-03      1.4861E+00      1.4679E+00      1.6392E+00      1.7627E-03      5.8060E+01      1.3674E+02      1.0000E+00
      1.6994E-03      1.1883E+00      1.0956E+00      1.3922E+00      1.4512E-03      6.8911E+01      1.0560E+02      1.0000E+00
      2.5035E-03      1.4286E+00      1.2404E+00      2.0031E+00      1.6362E-03      6.3655E+01      1.1766E+02      1.0000E+00
      1.6475E-03      1.0430E+00      1.0086E+00      1.1336E+00      1.5306E-03      8.6794E+01      9.4904E+01      1.0000E+00
      1.6128E-03      1.0258E+00      1.0016E+00      1.0569E+00      1.5658E-03      8.8050E+01      9.1373E+01      1.0000E+00
      2.0385E-03      1.1100E+00      1.0172E+00      1.1962E+00      1.7828E-03      8.3570E+01      9.8157E+01      1.0000E+00
      1.6555E-03      1.0600E+00      1.0044E+00      1.0948E+00      1.5755E-03      8.6999E+01      9.2665E+01      1.0000E+00
      6.1494E-03      1.0121E+00      1.0010E+00      1.0265E+00      6.0531E-03      8.8372E+01      9.2369E+01      1.0000E+00
      6.8954E-03      1.0580E+00      1.0117E+00      1.1136E+00      6.3372E-03      8.1338E+01      9.5303E+01      1.0000E+00
      5.9620E-03      1.0286E+00      1.0031E+00      1.0584E+00      5.9024E-03      8.6463E+01      9.3163E+01      1.0000E+00
      6.1219E-03      1.0298E+00      1.0025E+00      1.0589E+00      6.0928E-03      8.7408E+01      9.2360E+01      1.0000E+00
      6.1822E-03      1.2029E+00      1.1946E+00      1.3337E+00      4.2909E-03      7.1616E+01      1.2296E+02      1.0000E+00
      6.2505E-03      1.1774E+00      1.0519E+00      1.2762E+00      5.4569E-03      7.4236E+01      1.0629E+02      1.0000E+00
      2.3041E-03      1.6446E+00      1.4471E+00      2.2311E+00      1.2905E-03      5.4503E+01      1.3073E+02      1.0000E+00
      1.2499E-03      1.1213E+00      1.0481E+00      1.2334E+00      1.0114E-03      8.1680E+01      1.0728E+02      1.0000E+00
      2.0141E-03      1.6660E+00      1.3216E+00      2.1945E+00      1.1754E-03      5.2519E+01      1.2199E+02      1.0000E+00
      2.1933E-03      1.5991E+00      1.3324E+00      1.8886E+00      1.4251E-03      5.0699E+01      1.2141E+02      1.0000E+00
      2.6631E-03      1.6215E+00      1.4725E+00      2.3184E+00      1.4055E-03      5.6427E+01      1.3078E+02      1.0000E+00
      1.3346E-03      1.0719E+00      1.0586E+00      1.1335E+00      1.2454E-03      7.2893E+01      1.0781E+02      1.0000E+00
      1.5966E-03      1.0289E+00      1.0020E+00      1.0409E+00      1.5688E-03      8.7099E+01      9.2824E+01      1.0000E+00
      1.5002E-03      1.0220E+00      1.0009E+00      1.0426E+00      1.4730E-03      8.8236E+01      9.0829E+01      1.0000E+00
      1.4502E-03      1.0317E+00      1.0054E+00      1.0520E+00      1.4415E-03      8.4719E+01      9.5178E+01      1.0000E+00
      1.3923E-03      1.0541E+00      1.0111E+00      1.0904E+00      1.3405E-03      8.3598E+01      9.8080E+01      1.0000E+00
      1.5994E-03      1.0100E+00      1.0002E+00      1.0188E+00      1.5755E-03      8.9219E+01      9.0932E+01      1.0000E+00
      1.5541E-03      1.0477E+00      1.0055E+00      1.0759E+00      1.4725E-03      8.6083E+01      9.5984E+01      1.0000E+00
      1.6290E-03      1.0089E+00      1.0006E+00      1.0163E+00      1.6136E-03      8.8252E+01      9.1905E+01      1.0000E+00
      1.7236E-03      1.0550E+00      1.0051E+00      1.0813E+00      1.6653E-03      8.6311E+01      9.4144E+01      1.0000E+00
      1.1714E-03      1.1262E+00      1.0226E+00      1.2526E+00      9.4102E-04      7.8010E+01      1.0070E+02      1.0000E+00
      1.9028E-03      1.6907E+00      1.5615E+00      2.1923E+00      1.1299E-03      4.4270E+01      1.2973E+02      1.0000E+00
      2.0667E-03      1.6244E+00      1.5394E+00      2.1784E+00      1.2661E-03      4.7438E+01      1.2957E+02      1.0000E+00
      1.0481E-03      1.2716E+00      1.2299E+00      1.6240E+00      6.2163E-04      7.4018E+01      1.2390E+02      1.0000E+00
      2.0357E-03      1.6412E+00      1.5799E+00      1.9976E+00      1.3318E-03      4.4452E+01      1.3298E+02      1.0000E+00
      9.3092E-04      1.1257E+00      1.1253E+00      1.1668E+00      7.3814E-04      7.4193E+01      1.1730E+02      1.0000E+00
      2.0409E-03      1.6299E+00      1.5740E+00      1.9927E+00      1.3379E-03      4.4764E+01      1.3271E+02      1.0000E+00
      1.0541E-03      1.2755E+00      1.2265E+00      1.6217E+00      6.2643E-04      7.3962E+01      1.2380E+02      1.0000E+00
      1.6622E-03      1.0750E+00      1.0141E+00      1.1522E+00      1.5284E-03      8.0844E+01      9.7935E+01      1.0000E+00
      1.8225E-03      1.0274E+00      1.0099E+00      1.1013E+00      1.7326E-03      8.4349E+01      9.5821E+01      1.0000E+00
      9.6901E-04      1.3942E+00      1.4296E+00      1.7457E+00      4.3555E-04      7.0348E+01      1.3540E+02      1.0000E+00
      2.0476E-03      1.6786E+00      1.9395E+00      2.1660E+00      1.1321E-03      4.3785E+01      1.4191E+02      1.0000E+00
      6.8611E-04      1.2519E+00      1.2216E+00      1.4640E+00      3.9618E-04      7.5940E+01      1.2505E+02      1.0000E+00
      2.0562E-03      1.6876E+00      1.9330E+00      2.1435E+00      1.1443E-03      4.3506E+01      1.4215E+02      1.0000E+00
      9.3796E-04      1.2851E+00      1.2477E+00      1.5598E+00      5.0127E-04      7.1988E+01      1.2667E+02      1.0000E+00
      1.8322E-03      1.0327E+00      1.0101E+00      1.1032E+00      1.7359E-03      8.4031E+01      9.6367E+01      1.0000E+00
      1.0117E-03      1.4004E+00      1.4017E+00      1.7954E+00      4.7237E-04      7.1012E+01      1.3388E+02      1.0000E+00
      1.6938E-03      1.0644E+00      1.0129E+00      1.1516E+00      1.5391E-03      8.1332E+01      9.6058E+01      1.0000E+00
      1.9150E-03      1.6756E+00      1.5714E+00      2.1938E+00      1.1443E-03      4.4678E+01      1.2997E+02      1.0000E+00
      2.0729E-03      1.6339E+00      1.5375E+00      2.1631E+00      1.2763E-03      4.7107E+01      1.2994E+02      1.0000E+00
      1.1893E-03      1.1223E+00      1.0280E+00      1.2631E+00      9.5054E-04      7.6972E+01      1.0010E+02      1.0000E+00
      1.4182E-03      1.0431E+00      1.0092E+00      1.0685E+00      1.3675E-03      8.3954E+01      9.7609E+01      1.0000E+00
      1.5257E-03      1.0373E+00      1.0087E+00      1.0501E+00      1.4707E-03      8.3667E+01      9.7525E+01      1.0000E+00
      1.7296E-03      1.0625E+00      1.0069E+00      1.0957E+00      1.6729E-03      8.5788E+01      9.4634E+01      1.0000E+00
      1.5544E-03      1.0593E+00      1.0090E+00      1.0941E+00      1.4914E-03      8.4346E+01      9.6977E+01      1.0000E+00
      1.6388E-03      1.0086E+00      1.0010E+00      1.0174E+00      1.6261E-03      8.7832E+01      9.2533E+01      1.0000E+00
      1.5666E-03      1.0318E+00      1.0024E+00      1.0508E+00      1.5352E-03      8.7230E+01      9.3279E+01      1.0000E+00
      1.5457E-03      1.0484E+00      1.0047E+00      1.0773E+00      1.5043E-03      8.6476E+01      9.4084E+01      1.0000E+00
      1.4407E-03      1.0440E+00      1.0074E+00      1.1189E+00      1.3714E-03      8.6206E+01      9.2619E+01      1.0000E+00
      5.5045E-03      1.0665E+00      1.0120E+00      1.1205E+00      5.4732E-03      8.3737E+01      9.6058E+01      1.0000E+00
      5.6543E-03      1.0707E+00      1.0127E+00      1.1346E+00      5.6149E-03      8.4179E+01      9.5531E+01      1.0000E+00
      4.9880E-03      1.1213E+00      1.0351E+00      1.2028E+00      4.9737E-03      7.9208E+01      1.0076E+02      1.0000E+00
      5.0589E-03      1.1361E+00      1.0401E+00      1.2247E+00      4.9985E-03      7.8595E+01      1.0140E+02      1.0000E+00
      6.0088E-03      1.2326E+00      1.0572E+00      1.3258E+00      5.1314E-03      7.6413E+01      1.0235E+02      1.0000E+00
      5.4937E-03      1.3224E+00      1.1544E+00      1.4453E+00      4.6038E-03      6.2505E+01      1.1510E+02      1.0000E+00
      2.6052E-03      1.5518E+00      1.4975E+00      2.2194E+00      1.4070E-03      5.6514E+01      1.3123E+02      1.0000E+00
      1.2778E-03      1.0613E+00      1.0091E+00      1.1231E+00      1.1582E-03      8.6811E+01      9.7541E+01      1.0000E+00
      2.1698E-03      1.6970E+00      1.4797E+00      2.0987E+00      1.3784E-03      4.7260E+01      1.3123E+02      1.0000E+00
      2.2953E-03      1.6172E+00      1.3234E+00      1.8979E+00      1.4941E-03      5.2135E+01      1.2290E+02      1.0000E+00
      2.7822E-03      1.5034E+00      1.2955E+00      2.2477E+00      1.5654E-03      6.5173E+01      1.2096E+02      1.0000E+00
      1.4764E-03      1.2815E+00      1.1225E+00      1.4208E+00      1.1633E-03      7.1560E+01      1.1614E+02      1.0000E+00
      1.3251E-03      1.0850E+00      1.0416E+00      1.1544E+00      1.2339E-03      7.3984E+01      1.0407E+02      1.0000E+00
      2.3595E-03      1.7910E+00      1.4932E+00      2.1336E+00      1.4379E-03      4.4007E+01      1.2881E+02      1.0000E+00
      2.3259E-03      1.7216E+00      1.4666E+00      2.2596E+00      1.3303E-03      4.6536E+01      1.2713E+02      1.0000E+00
      2.2251E-03      1.8337E+00      1.4905E+00      2.4326E+00      1.1960E-03      4.5674E+01      1.2814E+02      1.0000E+00
      1.2385E-03      1.1096E+00      1.0293E+00      1.2063E+00      1.0135E-03      8.2794E+01      1.0371E+02      1.0000E+00
      2.1297E-03      1.6752E+00      1.4944E+00      2.2094E+00      1.2617E-03      4.6800E+01      1.2815E+02      1.0000E+00
      2.3275E-03      1.7421E+00      1.4924E+00      2.0804E+00      1.4418E-03      4.4355E+01      1.3105E+02      1.0000E+00
      1.4070E-03      1.2530E+00      1.0849E+00      1.4809E+00      1.1121E-03      7.9656E+01      1.0495E+02      1.0000E+00
      2.1934E-03      1.5832E+00      1.4718E+00      2.1969E+00      1.2813E-03      4.8418E+01      1.2400E+02      1.0000E+00
      2.2523E-03      1.6833E+00      1.8183E+00      1.9544E+00      1.3662E-03      4.3016E+01      1.4157E+02      1.0000E+00
      1.8640E-03      1.7824E+00      1.7544E+00      2.5163E+00      9.8826E-04      4.1194E+01      1.3079E+02      1.0000E+00
      8.5425E-04      1.2657E+00      1.0846E+00      1.4025E+00      7.1092E-04      7.1192E+01      1.0878E+02      1.0000E+00
      1.6214E-03      1.0498E+00      1.0038E+00      1.0870E+00      1.5573E-03      8.8390E+01      9.2990E+01      1.0000E+00
      1.7788E-03      1.1103E+00      1.0283E+00      1.1895E+00      1.5624E-03      7.6927E+01      9.8676E+01      1.0000E+00
      1.6340E-03      1.0653E+00      1.0104E+00      1.1474E+00      1.5829E-03      8.6566E+01      9.2416E+01      1.0000E+00
      1.5655E-03      1.1867E+00      1.0446E+00      1.3253E+00      1.3126E-03      7.5266E+01      1.0213E+02      1.0000E+00
      1.1382E-03      1.3375E+00      1.1835E+00      1.6238E+00      7.4337E-04      6.9359E+01      1.2103E+02      1.0000E+00
      1.6416E-03      1.1183E+00      1.0445E+00      1.3643E+00      1.3712E-03      8.0954E+01      9.8570E+01      1.0000E+00
      8.0399E-04      1.2669E+00      1.1774E+00      1.5131E+00      4.8505E-04      7.5449E+01      1.2172E+02      1.0000E+00
      1.2598E-03      1.2457E+00      1.0746E+00      1.4400E+00      1.0838E-03      8.3132E+01      1.0090E+02      1.0000E+00
      1.2518E-03      1.2512E+00      1.0822E+00      1.4960E+00      1.0377E-03      7.6286E+01      9.6989E+01      1.0000E+00
      7.6849E-04      1.3220E+00      1.1912E+00      1.6126E+00      4.6625E-04      7.3583E+01      1.2232E+02      1.0000E+00
      8.0629E-04      1.3424E+00      1.1426E+00      1.6775E+00      4.7465E-04      6.7644E+01      1.1665E+02      1.0000E+00
      1.3344E-03      1.2029E+00      1.1133E+00      1.3133E+00      1.0757E-03      6.3999E+01      1.0721E+02      1.0000E+00
      1.0891E-03      1.2956E+00      1.2579E+00      1.8430E+00      8.8117E-04      7.3211E+01      1.0851E+02      1.0000E+00
      1.0772E-03      1.3857E+00      1.5013E+00      2.3572E+00      7.4348E-04      6.7974E+01      1.1213E+02      1.0000E+00
      2.0345E-03      1.4263E+00      1.1689E+00      1.5945E+00      1.5942E-03      6.5754E+01      1.1328E+02      1.0000E+00
      1.5347E-03      1.0483E+00      1.0086E+00      1.0856E+00      1.4779E-03      8.2993E+01      9.5230E+01      1.0000E+00
      1.3414E-03      1.0535E+00      1.0226E+00      1.1090E+00      1.2351E-03      8.2054E+01      1.0172E+02      1.0000E+00
      8.6302E-04      1.2265E+00      1.2473E+00      1.3855E+00      6.3204E-04      6.8304E+01      1.2496E+02      1.0000E+00
      8.8495E-04      2.1983E+00      1.8980E+00      3.4590E+00      4.7018E-04      4.3655E+01      1.2377E+02      1.0000E+00
      2.9086E-03      1.2766E+00      1.1477E+00      1.7003E+00      2.2292E-03      7.3558E+01      9.9119E+01      1.0000E+00
      4.8130E-03      1.0793E+00      1.0173E+00      1.1144E+00      4.4524E-03      8.2044E+01      1.0056E+02      1.0000E+00
      5.8065E-03      1.0188E+00      1.0022E+00      1.0404E+00      5.6481E-03      8.7736E+01      9.3631E+01      1.0000E+00
      6.0087E-03      1.0089E+00      1.0002E+00      1.0173E+00      5.9779E-03      8.9488E+01      9.0781E+01      1.0000E+00
      5.9777E-03      1.0167E+00      1.0006E+00      1.0336E+00      5.8851E-03      8.9321E+01      9.1096E+01      1.0000E+00
      5.6454E-03      1.1295E+00      1.0250E+00      1.2034E+00      4.8771E-03      8.1893E+01      1.0256E+02      1.0000E+00
      2.2900E-03      1.5714E+00      1.3927E+00      2.0961E+00      1.3147E-03      5.7088E+01      1.2938E+02      1.0000E+00
      1.3115E-03      1.0997E+00      1.0396E+00      1.2109E+00      1.0690E-03      8.3909E+01      1.0573E+02      1.0000E+00
      1.6064E-03      1.0351E+00      1.0046E+00      1.0573E+00      1.5382E-03      8.6106E+01      9.5466E+01      1.0000E+00
      1.5731E-03      1.0192E+00      1.0024E+00      1.0414E+00      1.5183E-03      8.6071E+01      9.2162E+01      1.0000E+00
      1.4574E-03      1.1230E+00      1.0233E+00      1.2200E+00      1.2491E-03      8.2606E+01      1.0202E+02      1.0000E+00
      5.9099E-04      1.5907E+00      1.4092E+00      2.1059E+00      3.3971E-04      5.5972E+01      1.3011E+02      1.0000E+00
      3.3499E-04      1.1054E+00      1.0406E+00      1.2269E+00      2.7342E-04      8.4066E+01      1.0575E+02      1.0000E+00
      4.0699E-04      1.0265E+00      1.0049E+00      1.0665E+00      3.8856E-04      8.6165E+01      9.5287E+01      1.0000E+00
      4.0201E-04      1.0259E+00      1.0018E+00      1.0490E+00      3.9286E-04      8.6956E+01      9.1888E+01      1.0000E+00
      3.9017E-04      1.0149E+00      1.0005E+00      1.0227E+00      3.8674E-04      8.8659E+01      9.1233E+01      1.0000E+00
      3.8390E-04      1.0071E+00      1.0002E+00      1.0171E+00      3.8117E-04      8.9433E+01      9.0323E+01      1.0000E+00
      3.8459E-04      1.0019E+00      1.0000E+00      1.0027E+00      3.8408E-04      8.9756E+01      9.0233E+01      1.0000E+00
      3.8291E-04      1.0016E+00      1.0000E+00      1.0041E+00      3.8168E-04      8.9767E+01      9.0137E+01      1.0000E+00
      3.7875E-04      1.0030E+00      1.0000E+00      1.0062E+00      3.7702E-04      8.9841E+01      9.0364E+01      1.0000E+00
      3.7934E-04      1.0063E+00      1.0001E+00      1.0105E+00      3.7778E-04      8.9636E+01      9.0253E+01      1.0000E+00
      3.7934E-04      1.0063E+00      1.0001E+00      1.0105E+00      3.7778E-04      8.9636E+01      9.0253E+01      1.0000E+00
      3.7875E-04      1.0030E+00      1.0000E+00      1.0062E+00      3.7702E-04      8.9841E+01      9.0364E+01      1.0000E+00
      3.8291E-04      1.0016E+00      1.0000E+00      1.0041E+00      3.8168E-04      8.9767E+01      9.0137E+01      1.0000E+00
      3.8459E-04      1.0019E+00      1.0000E+00      1.0027E+00      3.8408E-04      8.9756E+01      9.0233E+01      1.0000E+00
      3.8390E-04      1.0071E+00      1.0002E+00      1.0171E+00      3.8117E-04      8.9433E+01      9.0323E+01      1.0000E+00
      3.9017E-04      1.0149E+00      1.0005E+00      1.0227E+00      3.8674E-04      8.8659E+01      9.1234E+01      1.0000E+00
      4.0202E-04      1.0259E+00      1.0018E+00      1.0491E+00      3.9286E-04      8.6955E+01      9.1889E+01      1.0000E+00
      4.0701E-04      1.0265E+00      1.0049E+00      1.0665E+00      3.8859E-04      8.6163E+01      9.5286E+01      1.0000E+00
      3.3503E-04      1.1054E+00      1.0406E+00      1.2270E+00      2.7345E-04      8.4066E+01      1.0575E+02      1.0000E+00
      5.9117E-04      1.5911E+00      1.4097E+00      2.1065E+00      3.3975E-04      5.5950E+01      1.3013E+02      1.0000E+00
      1.4579E-03      1.1227E+00      1.0233E+00      1.2198E+00      1.2496E-03      8.2617E+01      1.0202E+02      1.0000E+00
      1.5734E-03      1.0196E+00      1.0023E+00      1.0419E+00      1.5191E-03      8.6111E+01      9.2116E+01      1.0000E+00
      1.6029E-03      1.0357E+00      1.0050E+00      1.0621E+00      1.5312E-03      8.5900E+01      9.5674E+01      1.0000E+00
      1.3161E-03      1.1034E+00      1.0400E+00      1.2166E+00      1.0696E-03      8.3840E+01      1.0580E+02      1.0000E+00
      2.2914E-03      1.5724E+00      1.3922E+00      2.0968E+00      1.3154E-03      5.7087E+01      1.2937E+02      1.0000E+00
      5.6470E-03      1.1289E+00      1.0249E+00      1.2030E+00      4.8804E-03      8.1816E+01      1.0262E+02      1.0000E+00
      5.9781E-03      1.0165E+00      1.0005E+00      1.0331E+00      5.8865E-03      8.9425E+01      9.1182E+01      1.0000E+00
      6.0097E-03      1.0088E+00      1.0002E+00      1.0173E+00      5.9796E-03      8.9409E+01      9.0863E+01      1.0000E+00
      5.8115E-03      1.0184E+00      1.0022E+00      1.0404E+00      5.6582E-03      8.7658E+01      9.3606E+01      1.0000E+00
      4.8343E-03      1.0765E+00      1.0154E+00      1.1049E+00      4.4952E-03      8.2119E+01      9.9999E+01      1.0000E+00
      3.0006E-03      1.2541E+00      1.1465E+00      1.6990E+00      2.2291E-03      7.4612E+01      1.0231E+02      1.0000E+00
      1.2917E-03      1.7158E+00      1.3852E+00      1.9844E+00      7.7442E-04      5.3148E+01      1.3210E+02      1.0000E+00
      9.2995E-04      1.1732E+00      1.0869E+00      1.4632E+00      6.5229E-04      7.6775E+01      1.1080E+02      1.0000E+00
      9.3503E-04      1.2760E+00      1.2557E+00      1.9834E+00      6.6058E-04      7.6273E+01      1.0323E+02      1.0000E+00
      1.4844E-03      1.0269E+00      1.0152E+00      1.0332E+00      1.4455E-03      8.1073E+01      9.9903E+01      1.0000E+00
      2.0526E-03      1.4214E+00      1.1579E+00      1.5910E+00      1.6002E-03      6.7267E+01      1.1140E+02      1.0000E+00
      1.1620E-03      1.3220E+00      1.4833E+00      2.3513E+00      7.4934E-04      7.0888E+01      1.1062E+02      1.0000E+00
      1.6554E-03      1.1095E+00      1.0291E+00      1.2038E+00      1.4831E-03      7.6949E+01      1.0155E+02      1.0000E+00
      1.3850E-03      1.1014E+00      1.0274E+00      1.2353E+00      1.1845E-03      7.7530E+01      9.5647E+01      1.0000E+00
      7.9423E-04      1.2119E+00      1.1241E+00      1.4424E+00      5.1297E-04      7.5821E+01      1.1698E+02      1.0000E+00
      8.3547E-04      1.3390E+00      1.1846E+00      1.6117E+00      6.1648E-04      6.3361E+01      1.1912E+02      1.0000E+00
      8.6224E-04      1.3130E+00      1.1904E+00      1.5665E+00      5.8929E-04      6.7456E+01      1.2132E+02      1.0000E+00
      8.6312E-04      1.3135E+00      1.1917E+00      1.5676E+00      5.9009E-04      6.7328E+01      1.2139E+02      1.0000E+00
      8.3648E-04      1.3387E+00      1.1821E+00      1.6100E+00      6.1788E-04      6.3488E+01      1.1897E+02      1.0000E+00
      7.9838E-04      1.2088E+00      1.1270E+00      1.4400E+00      5.1648E-04      7.6243E+01      1.1723E+02      1.0000E+00
      1.4072E-03      1.0919E+00      1.0261E+00      1.2321E+00      1.2100E-03      7.8927E+01      9.5225E+01      1.0000E+00
      1.7527E-03      1.0734E+00      1.0097E+00      1.1195E+00      1.6190E-03      8.2724E+01      9.4464E+01      1.0000E+00
      1.8106E-03      1.0834E+00      1.0092E+00      1.1277E+00      1.6727E-03      8.6416E+01      9.5784E+01      1.0000E+00
      1.5521E-03      1.1171E+00      1.0276E+00      1.2628E+00      1.3266E-03      8.3270E+01      9.9842E+01      1.0000E+00
      9.2967E-04      1.2229E+00      1.1800E+00      1.3854E+00      6.0474E-04      7.6804E+01      1.2203E+02      1.0000E+00
      9.9915E-04      1.4298E+00      1.1770E+00      1.6596E+00      7.5084E-04      6.2996E+01      1.1694E+02      1.0000E+00
      1.4170E-03      1.1695E+00      1.0364E+00      1.3286E+00      1.1262E-03      7.5452E+01      9.9283E+01      1.0000E+00
      7.0579E-04      1.2611E+00      1.1211E+00      1.5370E+00      4.4493E-04      7.3220E+01      1.1650E+02      1.0000E+00
      7.2259E-04      1.2366E+00      1.1875E+00      1.5197E+00      4.4672E-04      7.6733E+01      1.2178E+02      1.0000E+00
      1.4417E-03      1.1833E+00      1.0659E+00      1.3638E+00      1.1324E-03      6.9986E+01      1.0185E+02      1.0000E+00
      9.2121E-04      1.5248E+00      1.2324E+00      1.7142E+00      6.4508E-04      6.2461E+01      1.2050E+02      1.0000E+00
      9.0421E-04      1.2610E+00      1.3194E+00      1.4169E+00      5.0945E-04      7.3326E+01      1.3072E+02      1.0000E+00
      1.5940E-03      1.1262E+00      1.0240E+00      1.2398E+00      1.2949E-03      8.0312E+01      1.0199E+02      1.0000E+00
      1.2853E-03      1.3738E+00      1.6830E+00      2.6332E+00      7.4886E-04      6.7295E+01      1.1648E+02      1.0000E+00
      2.5561E-03      1.7391E+00      1.3429E+00      2.0399E+00      1.7181E-03      6.1479E+01      1.1453E+02      1.0000E+00
      1.8642E-03      1.1304E+00      1.0643E+00      1.1915E+00      1.6495E-03      7.5850E+01      1.0960E+02      1.0000E+00
      2.7389E-03      1.1315E+00      1.0680E+00      1.3461E+00      2.4429E-03      7.6672E+01      1.0204E+02      1.0000E+00
      4.0034E-03      1.1883E+00      1.0831E+00      1.3866E+00      3.7347E-03      7.5103E+01      1.0333E+02      1.0000E+00
      4.5761E-03      1.1783E+00      1.0703E+00      1.3002E+00      4.5037E-03      7.5529E+01      1.0490E+02      1.0000E+00
      4.6410E-03      1.1751E+00      1.0638E+00      1.2748E+00      4.6231E-03      7.5197E+01      1.0467E+02      1.0000E+00
      4.5654E-03      1.1812E+00      1.0706E+00      1.2700E+00      4.4958E-03      7.3926E+01      1.0661E+02      1.0000E+00
      4.2063E-03      1.1719E+00      1.0848E+00      1.2498E+00      4.0685E-03      7.1935E+01      1.0946E+02      1.0000E+00
      3.1625E-03      1.1595E+00      1.0966E+00      1.2285E+00      2.9068E-03      6.6419E+01      1.1136E+02      1.0000E+00
      2.0236E-03      1.1784E+00      1.1070E+00      1.2203E+00      1.7833E-03      6.4785E+01      1.1215E+02      1.0000E+00
      1.5284E-03      1.0989E+00      1.0589E+00      1.1030E+00      1.4341E-03      7.2026E+01      1.0907E+02      1.0000E+00
      1.4194E-03      1.0521E+00      1.0388E+00      1.0358E+00      1.3888E-03      7.5428E+01      1.0567E+02      1.0000E+00
      1.3087E-03      1.0615E+00      1.0474E+00      1.0322E+00      1.2764E-03      7.3457E+01      1.0730E+02      1.0000E+00
      9.5895E-04      1.2090E+00      1.0907E+00      1.3362E+00      8.6523E-04      6.8223E+01      1.0728E+02      1.0000E+00
      5.7169E-04      1.3995E+00      1.3943E+00      2.3049E+00      3.6517E-04      6.6814E+01      1.0203E+02      1.0000E+00
      2.4646E-04      1.8596E+00      1.4607E+00      2.2225E+00      1.5355E-04      4.9485E+01      1.2626E+02      1.0000E+00
      2.1230E-04      1.2246E+00      1.1369E+00      1.3426E+00      1.5287E-04      7.3714E+01      1.1838E+02      1.0000E+00
      3.0837E-04      1.1092E+00      1.0266E+00      1.2467E+00      2.8680E-04      8.3148E+01      9.3747E+01      1.0000E+00
      3.3322E-04      1.0797E+00      1.0164E+00      1.1442E+00      3.2936E-04      8.2379E+01      9.7058E+01      1.0000E+00
      3.2757E-04      1.0860E+00      1.0235E+00      1.1472E+00      3.1978E-04      8.0916E+01      1.0032E+02      1.0000E+00
      3.1937E-04      1.1029E+00      1.0304E+00      1.1607E+00      3.1143E-04      7.8902E+01      1.0200E+02      1.0000E+00
      3.1971E-04      1.1107E+00      1.0356E+00      1.1667E+00      3.1603E-04      7.7473E+01      1.0248E+02      1.0000E+00
      3.2228E-04      1.1018E+00      1.0349E+00      1.1537E+00      3.2074E-04      7.7274E+01      1.0253E+02      1.0000E+00
      3.2448E-04      1.0989E+00      1.0346E+00      1.1459E+00      3.2382E-04      7.7341E+01      1.0273E+02      1.0000E+00
      3.2586E-04      1.1020E+00      1.0356E+00      1.1481E+00      3.2512E-04      7.7077E+01      1.0290E+02      1.0000E+00
      3.2494E-04      1.0987E+00      1.0350E+00      1.1419E+00      3.2479E-04      7.7055E+01      1.0292E+02      1.0000E+00
      3.2430E-04      1.0999E+00      1.0359E+00      1.1452E+00      3.2380E-04      7.6961E+01      1.0304E+02      1.0000E+00
      3.2279E-04      1.1087E+00      1.0394E+00      1.1548E+00      3.2009E-04      7.6448E+01      1.0387E+02      1.0000E+00
      3.1879E-04      1.1114E+00      1.0431E+00      1.1489E+00      3.1583E-04      7.5332E+01      1.0471E+02      1.0000E+00
      3.2044E-04      1.1100E+00      1.0475E+00      1.1443E+00      3.1358E-04      7.3815E+01      1.0528E+02      1.0000E+00
      3.2981E-04      1.1023E+00      1.0514E+00      1.1214E+00      3.2255E-04      7.2645E+01      1.0619E+02      1.0000E+00
      3.2947E-04      1.0968E+00      1.0586E+00      1.0837E+00      3.2530E-04      7.1819E+01      1.0875E+02      1.0000E+00
      2.8478E-04      1.1065E+00      1.0906E+00      1.1051E+00      2.7173E-04      6.7117E+01      1.1285E+02      1.0000E+00
      1.6699E-04      1.3390E+00      1.1946E+00      1.3617E+00      1.4766E-04      5.9543E+01      1.2198E+02      1.0000E+00
      2.7618E-04      1.7831E+00      1.3801E+00      2.0234E+00      1.7915E-04      5.5061E+01      1.2371E+02      1.0000E+00
      8.5543E-04      1.1092E+00      1.0541E+00      1.1781E+00      7.1211E-04      8.0244E+01      1.0844E+02      1.0000E+00
      1.2213E-03      1.0588E+00      1.0239E+00      1.1442E+00      1.1478E-03      7.9317E+01      9.9756E+01      1.0000E+00
      1.4093E-03      1.0623E+00      1.0211E+00      1.1059E+00      1.3687E-03      8.0713E+01      1.0068E+02      1.0000E+00
      1.4756E-03      1.0642E+00      1.0154E+00      1.1011E+00      1.4360E-03      8.1753E+01      9.9287E+01      1.0000E+00
      1.7097E-03      1.0566E+00      1.0188E+00      1.1621E+00      1.6138E-03      8.3449E+01      9.7207E+01      1.0000E+00
      2.5865E-03      1.1624E+00      1.0674E+00      1.4133E+00      2.2657E-03      7.9389E+01      9.6551E+01      1.0000E+00
      3.8253E-03      1.2144E+00      1.0917E+00      1.4621E+00      3.4933E-03      7.6100E+01      1.0061E+02      1.0000E+00
      4.4706E-03      1.1895E+00      1.0748E+00      1.3407E+00      4.3615E-03      7.5759E+01      1.0390E+02      1.0000E+00
      4.6178E-03      1.1773E+00      1.0648E+00      1.2876E+00      4.5768E-03      7.5353E+01      1.0424E+02      1.0000E+00
      4.5946E-03      1.1759E+00      1.0666E+00      1.2634E+00      4.5541E-03      7.4340E+01      1.0579E+02      1.0000E+00
      4.3164E-03      1.1530E+00      1.0686E+00      1.2262E+00      4.2492E-03      7.3170E+01      1.0719E+02      1.0000E+00
      3.3168E-03      1.1420E+00      1.0767E+00      1.2105E+00      3.0357E-03      6.8543E+01      1.0777E+02      1.0000E+00
      2.1273E-03      1.1762E+00      1.0895E+00      1.2313E+00      1.8458E-03      6.6961E+01      1.0888E+02      1.0000E+00
      1.5926E-03      1.0907E+00      1.0351E+00      1.1162E+00      1.5048E-03      7.5519E+01      1.0445E+02      1.0000E+00
      1.7475E-03      1.1455E+00      1.0546E+00      1.2265E+00      1.5124E-03      7.1923E+01      1.0266E+02      1.0000E+00
      1.6299E-03      1.1327E+00      1.0545E+00      1.2935E+00      1.5006E-03      7.9671E+01      1.0312E+02      1.0000E+00
      1.5161E-03      1.1743E+00      1.0606E+00      1.2463E+00      1.2512E-03      7.6884E+01      1.0946E+02      1.0000E+00
      8.2624E-04      1.3269E+00      1.3470E+00      1.4277E+00      4.9565E-04      6.6253E+01      1.3206E+02      1.0000E+00
      9.9785E-04      1.4916E+00      1.2037E+00      1.7434E+00      6.3661E-04      6.7666E+01      1.2048E+02      1.0000E+00
      1.3943E-03      1.2474E+00      1.1201E+00      1.4083E+00      1.0698E-03      6.3528E+01      1.0739E+02      1.0000E+00
      7.1323E-04      1.2440E+00      1.2648E+00      1.4837E+00      4.3312E-04      7.1915E+01      1.2705E+02      1.0000E+00
      7.4712E-04      1.2872E+00      1.0924E+00      1.5839E+00      4.6228E-04      6.6443E+01      1.1133E+02      1.0000E+00
      1.3883E-03      1.1907E+00      1.0561E+00      1.3888E+00      1.0475E-03      7.7646E+01      1.0618E+02      1.0000E+00
      1.0902E-03      1.3786E+00      1.2213E+00      1.6689E+00      7.5152E-04      6.2862E+01      1.2242E+02      1.0000E+00
      1.0239E-03      1.2772E+00      1.1006E+00      1.5243E+00      6.6510E-04      7.3182E+01      1.1452E+02      1.0000E+00
      1.6086E-03      1.1291E+00      1.0365E+00      1.2499E+00      1.4069E-03      7.5387E+01      9.7872E+01      1.0000E+00
      1.7937E-03      1.0784E+00      1.0193E+00      1.1107E+00      1.6987E-03      7.9624E+01      1.0032E+02      1.0000E+00
      1.6614E-03      1.0540E+00      1.0169E+00      1.1019E+00      1.5135E-03      8.4625E+01      1.0041E+02      1.0000E+00
      1.2714E-03      1.0944E+00      1.0281E+00      1.2392E+00      1.1005E-03      8.1927E+01      1.0118E+02      1.0000E+00
      7.8709E-04      1.4438E+00      1.5263E+00      1.6018E+00      3.8524E-04      6.3622E+01      1.3906E+02      1.0000E+00
      6.4117E-04      1.4823E+00      1.1882E+00      1.6782E+00      4.8964E-04      7.3132E+01      1.0949E+02      1.0000E+00
      6.8680E-04      1.6281E+00      2.1242E+00      3.9690E+00      2.6524E-04      5.8738E+01      1.2420E+02      1.0000E+00
      4.0311E-04      1.6480E+00      1.4835E+00      2.5255E+00      2.2443E-04      5.0620E+01      1.0794E+02      1.0000E+00
      4.4486E-04      1.9858E+00      1.7001E+00      3.0564E+00      2.0963E-04      4.4533E+01      1.1692E+02      1.0000E+00
      7.1562E-04      1.5248E+00      3.7418E+00      6.1686E+00      1.9234E-04      6.2323E+01      1.2223E+02      1.0000E+00
      4.0300E-04      2.0452E+00      2.0419E+00      3.8029E+00      1.9369E-04      4.4241E+01      1.1512E+02      1.0000E+00
      4.1494E-04      2.0975E+00      2.1099E+00      3.9142E+00      1.9618E-04      4.1739E+01      1.1715E+02      1.0000E+00
      8.3215E-04      1.4508E+00      2.3315E+00      4.0511E+00      3.4121E-04      6.5796E+01      1.1282E+02      1.0000E+00
      4.0520E-04      2.2961E+00      2.3693E+00      4.5066E+00      1.6287E-04      3.7480E+01      1.1929E+02      1.0000E+00
      4.1634E-04      1.6363E+00      1.4960E+00      2.5560E+00      2.3800E-04      5.2298E+01      1.0694E+02      1.0000E+00
      6.9618E-04      1.6604E+00      2.1587E+00      4.0621E+00      2.5845E-04      5.8401E+01      1.2588E+02      1.0000E+00
      3.5370E-04      1.8598E+00      1.5231E+00      2.6634E+00      1.9440E-04      4.8059E+01      1.1785E+02      1.0000E+00
      3.5773E-04      1.8630E+00      1.5269E+00      2.6778E+00      1.9582E-04      4.7212E+01      1.1835E+02      1.0000E+00
      7.9405E-04      1.4014E+00      2.1992E+00      3.8317E+00      3.2790E-04      6.7348E+01      1.1240E+02      1.0000E+00
      3.8335E-04      2.1766E+00      2.2398E+00      4.2313E+00      1.5609E-04      3.9610E+01      1.1597E+02      1.0000E+00
      4.0083E-04      1.6481E+00      1.4810E+00      2.5197E+00      2.2978E-04      5.1245E+01      1.0863E+02      1.0000E+00
      6.7653E-04      1.6441E+00      2.1097E+00      3.9734E+00      2.5661E-04      5.8964E+01      1.2512E+02      1.0000E+00
      3.5076E-04      1.8302E+00      1.5031E+00      2.6197E+00      1.8604E-04      4.7923E+01      1.1621E+02      1.0000E+00
      4.0247E-04      1.7571E+00      1.3607E+00      2.1398E+00      2.3541E-04      5.2756E+01      1.1874E+02      1.0000E+00
      6.3207E-04      1.7514E+00      3.6379E+00      6.1261E+00      1.5332E-04      5.4751E+01      1.3421E+02      1.0000E+00
      4.1553E-04      1.6489E+00      1.4962E+00      2.5723E+00      2.3738E-04      5.2519E+01      1.0737E+02      1.0000E+00
      4.0942E-04      2.2816E+00      2.3746E+00      4.5067E+00      1.6394E-04      3.7390E+01      1.1875E+02      1.0000E+00
      8.3741E-04      1.4460E+00      2.3055E+00      4.0512E+00      3.4264E-04      6.6978E+01      1.1123E+02      1.0000E+00
      4.1598E-04      2.1285E+00      2.1254E+00      3.9612E+00      1.9666E-04      4.1379E+01      1.1816E+02      1.0000E+00
      4.0750E-04      2.0480E+00      2.0555E+00      3.8255E+00      1.9516E-04      4.3943E+01      1.1517E+02      1.0000E+00
      5.4340E-04      1.2300E+00      1.3052E+00      1.4815E+00      4.1433E-04      6.2905E+01      1.2430E+02      1.0000E+00
      5.0825E-04      1.2828E+00      1.1807E+00      1.8031E+00      3.3766E-04      7.1116E+01      1.0818E+02      1.0000E+00
      1.7835E-04      1.1967E+00      1.1452E+00      1.6153E+00      1.2280E-04      7.6807E+01      1.1253E+02      1.0000E+00
      1.6562E-04      1.2113E+00      1.1444E+00      1.5715E+00      1.2702E-04      6.8446E+01      1.0987E+02      1.0000E+00
      1.7155E-04      1.1988E+00      1.1525E+00      1.4416E+00      1.4012E-04      6.5393E+01      1.1420E+02      1.0000E+00
      1.8232E-04      1.3638E+00      1.1385E+00      1.6885E+00      1.2600E-04      6.3286E+01      1.0981E+02      1.0000E+00
      2.6348E-04      1.2548E+00      1.0756E+00      1.4714E+00      1.9041E-04      6.9364E+01      1.0197E+02      1.0000E+00
      1.5346E-04      1.2241E+00      1.1543E+00      1.4610E+00      1.0546E-04      7.8698E+01      1.1883E+02      1.0000E+00
      1.6461E-04      1.5000E+00      1.2052E+00      1.8146E+00      1.0335E-04      5.9067E+01      1.1114E+02      1.0000E+00
      3.1316E-04      1.2005E+00      1.0429E+00      1.4256E+00      2.4904E-04      7.5861E+01      1.0060E+02      1.0000E+00
      2.9820E-04      1.0816E+00      1.0141E+00      1.1602E+00      2.7794E-04      8.5538E+01      9.8039E+01      1.0000E+00
      2.9007E-04      1.0899E+00      1.0145E+00      1.1810E+00      2.8298E-04      8.8002E+01      9.3240E+01      1.0000E+00
      2.9007E-04      1.0899E+00      1.0145E+00      1.1810E+00      2.8298E-04      8.8002E+01      9.3240E+01      1.0000E+00
      2.9820E-04      1.0816E+00      1.0141E+00      1.1602E+00      2.7794E-04      8.5538E+01      9.8039E+01      1.0000E+00
      3.1316E-04      1.2005E+00      1.0429E+00      1.4256E+00      2.4904E-04      7.5861E+01      1.0060E+02      1.0000E+00
      1.6461E-04      1.5000E+00      1.2052E+00      1.8146E+00      1.0335E-04      5.9067E+01      1.1114E+02      1.0000E+00
      1.5346E-04      1.2241E+00      1.1543E+00      1.4610E+00      1.0546E-04      7.8698E+01      1.1883E+02      1.0000E+00
      2.6348E-04      1.2549E+00      1.0756E+00      1.4714E+00      1.9041E-04      6.9365E+01      1.0197E+02      1.0000E+00
      1.8231E-04      1.3637E+00      1.1385E+00      1.6886E+00      1.2598E-04      6.3288E+01      1.0980E+02      1.0000E+00
      1.7152E-04      1.1984E+00      1.1524E+00      1.4411E+00      1.4010E-04      6.5396E+01      1.1418E+02      1.0000E+00
      1.6555E-04      1.2110E+00      1.1444E+00      1.5721E+00      1.2692E-04      6.8470E+01      1.0982E+02      1.0000E+00
      1.7819E-04      1.1943E+00      1.1452E+00      1.6126E+00      1.2294E-04      7.6837E+01      1.1243E+02      1.0000E+00
      5.0713E-04      1.2897E+00      1.1844E+00      1.8145E+00      3.3706E-04      7.0989E+01      1.0807E+02      1.0000E+00
      5.4226E-04      1.2359E+00      1.3020E+00      1.5110E+00      4.1477E-04      6.3304E+01      1.2344E+02      1.0000E+00
      5.0008E-04      1.3944E+00      1.1362E+00      1.6761E+00      3.2863E-04      7.2711E+01      1.1620E+02      1.0000E+00
      1.9427E-03      1.3897E+00      1.1969E+00      1.9447E+00      1.0128E-03      6.1047E+01      1.1766E+02      1.0000E+00
      1.1326E-03      2.0136E+00      1.8683E+00      3.2871E+00      5.0019E-04      3.7604E+01      1.1600E+02      1.0000E+00
      9.0599E-04      1.1574E+00      1.0631E+00      1.2628E+00      7.6871E-04      7.0489E+01      1.0237E+02      1.0000E+00
      5.8135E-04      1.4890E+00      1.2209E+00      1.8122E+00      3.5229E-04      5.6596E+01      1.0999E+02      1.0000E+00
      5.0517E-04      1.1128E+00      1.0985E+00      1.2971E+00      4.2933E-04      7.1663E+01      1.1042E+02      1.0000E+00
      2.9559E-04      1.5102E+00      1.2691E+00      1.8690E+00      1.9093E-04      5.3392E+01      1.1914E+02      1.0000E+00
      1.7596E-04      1.1315E+00      1.0255E+00      1.2284E+00      1.5833E-04      8.4792E+01      9.8785E+01      1.0000E+00
      1.6755E-04      1.1766E+00      1.0672E+00      1.2395E+00      1.5040E-04      7.3596E+01      1.0976E+02      1.0000E+00
      2.4540E-04      1.5866E+00      1.2540E+00      1.8969E+00      1.5903E-04      5.8107E+01      1.1453E+02      1.0000E+00
      3.4445E-04      1.3135E+00      1.1879E+00      1.7424E+00      2.2621E-04      6.0661E+01      1.0284E+02      1.0000E+00
      1.8569E-04      1.2709E+00      1.1814E+00      1.4538E+00      1.2760E-04      6.9842E+01      1.2167E+02      1.0000E+00
      1.9498E-04      1.4613E+00      1.1853E+00      1.6945E+00      1.3251E-04      6.1202E+01      1.1159E+02      1.0000E+00
      2.8985E-04      1.2283E+00      1.0992E+00      1.4404E+00      2.1193E-04      6.5582E+01      9.9558E+01      1.0000E+00
      1.6688E-04      1.2855E+00      1.2995E+00      1.4091E+00      1.0623E-04      6.8254E+01      1.2952E+02      1.0000E+00
      1.4684E-04      1.7163E+00      1.5052E+00      2.6096E+00      7.5849E-05      5.4744E+01      1.1594E+02      1.0000E+00
      3.3843E-04      1.1348E+00      1.0457E+00      1.3580E+00      2.8284E-04      7.8106E+01      1.0028E+02      1.0000E+00
      3.3063E-04      1.0249E+00      1.0045E+00      1.0776E+00      3.1580E-04      8.6802E+01      9.4283E+01      1.0000E+00
      3.3117E-04      1.0267E+00      1.0036E+00      1.0806E+00      3.1651E-04      8.6928E+01      9.1988E+01      1.0000E+00
      3.3959E-04      1.1305E+00      1.0556E+00      1.3536E+00      2.8462E-04      7.6248E+01      1.0217E+02      1.0000E+00
      1.4593E-04      1.7490E+00      1.5251E+00      2.6412E+00      7.6106E-05      5.4788E+01      1.1654E+02      1.0000E+00
      1.6773E-04      1.2846E+00      1.3106E+00      1.3971E+00      1.0686E-04      6.7656E+01      1.3012E+02      1.0000E+00
      2.9217E-04      1.2337E+00      1.1074E+00      1.4433E+00      2.1325E-04      6.4642E+01      1.0045E+02      1.0000E+00
      1.9545E-04      1.4759E+00      1.1914E+00      1.7056E+00      1.3306E-04      6.1201E+01      1.1209E+02      1.0000E+00
      1.8710E-04      1.2751E+00      1.1876E+00      1.4542E+00      1.2878E-04      6.9144E+01      1.2212E+02      1.0000E+00
      3.4877E-04      1.3268E+00      1.1998E+00      1.7672E+00      2.2795E-04      5.9786E+01      1.0352E+02      1.0000E+00
      2.4737E-04      1.6065E+00      1.2657E+00      1.9239E+00      1.6023E-04      5.7785E+01      1.1518E+02      1.0000E+00
      1.6914E-04      1.1848E+00      1.0714E+00      1.2479E+00      1.5188E-04      7.3010E+01      1.1023E+02      1.0000E+00
      1.7739E-04      1.1389E+00      1.0278E+00      1.2438E+00      1.5927E-04      8.5016E+01      9.8601E+01      1.0000E+00
      2.9912E-04      1.5216E+00      1.2802E+00      1.8756E+00      1.9251E-04      5.2729E+01      1.1965E+02      1.0000E+00
      5.0868E-04      1.1210E+00      1.0989E+00      1.3095E+00      4.2940E-04      7.1635E+01      1.1055E+02      1.0000E+00
      5.8515E-04      1.4881E+00      1.2251E+00      1.8126E+00      3.5360E-04      5.6153E+01      1.1004E+02      1.0000E+00
      9.2498E-04      1.1451E+00      1.0582E+00      1.2651E+00      7.6039E-04      7.0970E+01      9.9267E+01      1.0000E+00
      1.4378E-03      1.6696E+00      1.4023E+00      2.0897E+00      7.9857E-04      4.6371E+01      1.1962E+02      1.0000E+00
      1.6375E-03      1.5313E+00      1.3267E+00      2.1868E+00      7.3707E-04      5.1664E+01      1.1785E+02      1.0000E+00
      5.0076E-04      1.4364E+00      1.1626E+00      1.6963E+00      3.3076E-04      7.0556E+01      1.1710E+02      1.0000E+00
      6.7655E-04      1.0668E+00      1.0132E+00      1.1044E+00      6.3849E-04      8.1616E+01      9.9063E+01      1.0000E+00
      6.6235E-04      1.0531E+00      1.0053E+00      1.1055E+00      6.2498E-04      8.5399E+01      9.5298E+01      1.0000E+00
