  
 ------------------------
 2D Mesh Quality Measures
 ------------------------
  
Signed Area     Aspect Ratio    Condition       Edge Ratio      Jacobian        Minimum Angle   Maximum Angle   Area Sign       
      4.8219E-01      1.0569E+00      1.0191E+00      1.1774E+00      4.5242E-01      8.4244E+01      9.6105E+01      1.0000E+00
      5.2275E-01      1.0369E+00      1.0026E+00      1.0736E+00      5.1062E-01      8.9151E+01      9.2086E+01      1.0000E+00
      5.5506E-01      1.0098E+00      1.0002E+00      1.0180E+00      5.5381E-01      8.9611E+01      9.0355E+01      1.0000E+00
      5.6485E-01      1.0026E+00      1.0000E+00      1.0057E+00      5.6371E-01      8.9780E+01      9.0314E+01      1.0000E+00
      5.6830E-01      1.0022E+00      1.0000E+00      1.0054E+00      5.6627E-01      8.9724E+01      9.0174E+01      1.0000E+00
      5.7053E-01      1.0065E+00      1.0002E+00      1.0171E+00      5.6423E-01      8.9184E+01      9.0447E+01      1.0000E+00
      5.4747E-01      1.0282E+00      1.0034E+00      1.0596E+00      5.2628E-01      8.5338E+01      9.2683E+01      1.0000E+00
      4.6521E-01      1.3254E+00      1.0953E+00      1.6422E+00      3.0945E-01      7.2709E+01      1.1277E+02      1.0000E+00
      3.4901E-01      1.3192E+00      1.2184E+00      1.5139E+00      2.2966E-01      6.7674E+01      1.2435E+02      1.0000E+00
      5.3515E-01      1.0350E+00      1.0047E+00      1.0837E+00      5.0638E-01      8.4592E+01      9.3117E+01      1.0000E+00
      5.4385E-01      1.0193E+00      1.0006E+00      1.0360E+00      5.3229E-01      8.8632E+01      9.1772E+01      1.0000E+00
      5.6608E-01      1.0078E+00      1.0002E+00      1.0127E+00      5.6234E-01      8.9057E+01      9.0726E+01      1.0000E+00
      5.6629E-01      1.0075E+00      1.0001E+00      1.0139E+00      5.6496E-01      8.9801E+01      9.0131E+01      1.0000E+00
      5.7436E-01      1.0098E+00      1.0003E+00      1.0234E+00      5.6744E-01      8.8871E+01      9.1073E+01      1.0000E+00
      6.6455E-01      1.1136E+00      1.0190E+00      1.2054E+00      5.7153E-01      7.9476E+01      9.5670E+01      1.0000E+00
      6.3864E-01      1.1953E+00      1.2765E+00      1.3130E+00      4.9973E-01      6.1603E+01      1.2587E+02      1.0000E+00
      3.5570E-01      1.2927E+00      1.2398E+00      1.5369E+00      2.2598E-01      6.8780E+01      1.2530E+02      1.0000E+00
      5.5954E-01      1.1095E+00      1.0355E+00      1.2651E+00      4.7808E-01      7.6527E+01      9.9691E+01      1.0000E+00
      5.8800E-01      1.0803E+00      1.0233E+00      1.1983E+00      5.2182E-01      7.8886E+01      9.8205E+01      1.0000E+00
      5.0477E-01      1.0681E+00      1.0060E+00      1.1098E+00      4.8783E-01      8.8089E+01      9.2342E+01      1.0000E+00
      5.6818E-01      1.0590E+00      1.0182E+00      1.1651E+00      5.1894E-01      8.1231E+01      9.7427E+01      1.0000E+00
      5.0457E-01      1.2334E+00      1.2244E+00      1.3881E+00      3.3234E-01      7.1005E+01      1.2501E+02      1.0000E+00
      3.4278E-01      1.4299E+00      1.1882E+00      1.6306E+00      2.3664E-01      6.3863E+01      1.2196E+02      1.0000E+00
      3.8166E-01      1.1642E+00      1.0351E+00      1.2959E+00      3.6382E-01      8.7066E+01      9.3648E+01      1.0000E+00
      3.2400E-01      1.4301E+00      1.2060E+00      1.6005E+00      2.1824E-01      6.4123E+01      1.2367E+02      1.0000E+00
      5.6596E-01      1.2969E+00      1.1165E+00      1.6130E+00      4.2750E-01      7.1841E+01      1.0099E+02      1.0000E+00
      6.2254E-01      1.0608E+00      1.0074E+00      1.0821E+00      5.9729E-01      8.4425E+01      9.5694E+01      1.0000E+00
      5.2758E-01      1.0690E+00      1.0095E+00      1.1463E+00      5.1301E-01      8.8690E+01      9.2651E+01      1.0000E+00
      5.4907E-01      1.0255E+00      1.0027E+00      1.0640E+00      5.3853E-01      8.7349E+01      9.2308E+01      1.0000E+00
      5.6142E-01      1.0070E+00      1.0003E+00      1.0203E+00      5.5673E-01      8.9141E+01      9.0741E+01      1.0000E+00
      5.6403E-01      1.0025E+00      1.0000E+00      1.0048E+00      5.6371E-01      8.9971E+01      9.0036E+01      1.0000E+00
      5.6495E-01      1.0009E+00      1.0000E+00      1.0026E+00      5.6454E-01      8.9909E+01      9.0089E+01      1.0000E+00
      5.6011E-01      1.0053E+00      1.0001E+00      1.0108E+00      5.5627E-01      8.9470E+01      9.0697E+01      1.0000E+00
      5.2823E-01      1.0338E+00      1.0071E+00      1.0740E+00      4.9796E-01      8.6208E+01      9.6619E+01      1.0000E+00
      3.8278E-01      1.1538E+00      1.1323E+00      1.2940E+00      2.9944E-01      7.3852E+01      1.1688E+02      1.0000E+00
      5.5795E-01      1.8109E+00      1.4430E+00      2.0127E+00      2.9452E-01      6.0409E+01      1.3035E+02      1.0000E+00
      1.0294E+00      1.5575E+00      1.4797E+00      2.5087E+00      6.6452E-01      7.8995E+01      1.1691E+02      1.0000E+00
      7.7351E-01      1.4493E+00      1.4905E+00      1.8798E+00      4.0808E-01      6.7638E+01      1.3497E+02      1.0000E+00
      4.9236E-01      1.2311E+00      1.0477E+00      1.3350E+00      4.0825E-01      7.7713E+01      9.9160E+01      1.0000E+00
      4.1592E-01      1.3699E+00      1.1717E+00      1.6202E+00      3.0583E-01      6.3487E+01      1.1896E+02      1.0000E+00
      3.6715E-01      1.1725E+00      1.1253E+00      1.3160E+00      2.9145E-01      7.0353E+01      1.1603E+02      1.0000E+00
      2.6292E-01      1.3923E+00      1.1246E+00      1.7725E+00      1.8359E-01      6.6947E+01      1.1027E+02      1.0000E+00
      2.3745E-01      1.4217E+00      1.2679E+00      1.6952E+00      1.5556E-01      6.7723E+01      1.2607E+02      1.0000E+00
      3.4703E-01      1.3410E+00      1.1191E+00      1.6045E+00      3.1651E-01      8.2360E+01      9.6860E+01      1.0000E+00
      2.4929E-01      1.3958E+00      1.2463E+00      1.6037E+00      1.6862E-01      6.7022E+01      1.2551E+02      1.0000E+00
      2.8597E-01      1.4656E+00      1.1726E+00      1.8118E+00      1.9237E-01      6.2958E+01      1.1253E+02      1.0000E+00
      5.1245E-01      1.1222E+00      1.0397E+00      1.3015E+00      4.3364E-01      7.7767E+01      9.5490E+01      1.0000E+00
      2.8098E-01      1.2396E+00      1.1403E+00      1.5626E+00      1.7884E-01      7.5300E+01      1.1726E+02      1.0000E+00
      2.9082E-01      1.2200E+00      1.1848E+00      1.5581E+00      2.0825E-01      6.9325E+01      1.1745E+02      1.0000E+00
      2.8089E-01      1.2391E+00      1.1683E+00      1.5977E+00      2.0205E-01      6.9628E+01      1.1568E+02      1.0000E+00
      2.7384E-01      1.2493E+00      1.1813E+00      1.5898E+00      1.7431E-01      7.8566E+01      1.1997E+02      1.0000E+00
