! Number of nodes in each direction
75 50
! x node values
  -3.0000000000000
  -2.9189189189189
  -2.8378378378378
  -2.7567567567568
  -2.6756756756757
  -2.5945945945946
  -2.5135135135135
  -2.4324324324324
  -2.3513513513514
  -2.2702702702703
  -2.1891891891892
  -2.1081081081081
  -2.0270270270270
  -1.9459459459459
  -1.8648648648649
  -1.7837837837838
  -1.7027027027027
  -1.6216216216216
  -1.5405405405405
  -1.4594594594595
  -1.3783783783784
  -1.2972972972973
  -1.2162162162162
  -1.1351351351351
  -1.0540540540541
  -0.9729729729730
  -0.8918918918919
  -0.8108108108108
  -0.7297297297297
  -0.6486486486486
  -0.5675675675676
  -0.4864864864865
  -0.4054054054054
  -0.3243243243243
  -0.2432432432432
  -0.1621621621622
  -0.0810810810811
   0.0000000000000
   0.0810810810811
   0.1621621621622
   0.2432432432432
   0.3243243243243
   0.4054054054054
   0.4864864864865
   0.5675675675676
   0.6486486486486
   0.7297297297297
   0.8108108108108
   0.8918918918919
   0.9729729729730
   1.0540540540541
   1.1351351351351
   1.2162162162162
   1.2972972972973
   1.3783783783784
   1.4594594594595
   1.5405405405405
   1.6216216216216
   1.7027027027027
   1.7837837837838
   1.8648648648649
   1.9459459459459
   2.0270270270270
   2.1081081081081
   2.1891891891892
   2.2702702702703
   2.3513513513514
   2.4324324324324
   2.5135135135135
   2.5945945945946
   2.6756756756757
   2.7567567567568
   2.8378378378378
   2.9189189189189
   3.0000000000000
! y node values
  -2.0000000000000
  -1.9183673469388
  -1.8367346938776
  -1.7551020408163
  -1.6734693877551
  -1.5918367346939
  -1.5102040816327
  -1.4285714285714
  -1.3469387755102
  -1.2653061224490
  -1.1836734693878
  -1.1020408163265
  -1.0204081632653
  -0.9387755102041
  -0.8571428571429
  -0.7755102040816
  -0.6938775510204
  -0.6122448979592
  -0.5306122448980
  -0.4489795918367
  -0.3673469387755
  -0.2857142857143
  -0.2040816326531
  -0.1224489795918
  -0.0408163265306
   0.0408163265306
   0.1224489795918
   0.2040816326531
   0.2857142857143
   0.3673469387755
   0.4489795918367
   0.5306122448980
   0.6122448979592
   0.6938775510204
   0.7755102040816
   0.8571428571429
   0.9387755102041
   1.0204081632653
   1.1020408163265
   1.1836734693878
   1.2653061224490
   1.3469387755102
   1.4285714285714
   1.5102040816327
   1.5918367346939
   1.6734693877551
   1.7551020408163
   1.8367346938776
   1.9183673469388
   2.0000000000000
! z node values
   1.0000000021203
   1.0000000049904
   1.0000000112911
   1.0000000245590
   1.0000000513517
   1.0000001032211
   1.0000001994576
   1.0000003705121
   1.0000006616427
   1.0000011358320
   1.0000018744510
   1.0000029737448
   1.0000045352699
   1.0000066492522
   1.0000093715934
   1.0000126977369
   1.0000165391734
   1.0000207099972
   1.0000249305884
   1.0000288525821
   1.0000321041039
   1.0000343481370
   1.0000353418809
   1.0000349830529
   1.0000333313507
   1.0000305992816
   1.0000271144344
   1.0000232624174
   1.0000194238566
   1.0000159189711
   1.0000129697719
   1.0000106844458
   1.0000090629550
   1.0000080188164
   1.0000074100831
   1.0000070725425
   1.0000068494132
   1.0000066136596
   1.0000062809576
   1.0000058131012
   1.0000052131342
   1.0000045146204
   1.0000037680896
   1.0000030277028
   1.0000023405803
   1.0000017401979
   1.0000012440931
   1.0000008551430
   1.0000005651067
   1.0000003590164
   1.0000002192726
   1.0000001287476
   1.0000000726743
   1.0000000394380
   1.0000000205756
   1.0000000103205
   1.0000000049772
   1.0000000023080
   1.0000000010291
   1.0000000004413
   1.0000000001820
   1.0000000000722
   1.0000000000276
   1.0000000000101
   1.0000000000036
   1.0000000000012
   1.0000000000004
   1.0000000000001
   1.0000000000000
   1.0000000000000
   1.0000000000000
   1.0000000000000
   1.0000000000000
   1.0000000000000
   1.0000000000000
   1.0000000048974
   1.0000000115266
   1.0000000260800
   1.0000000567259
   1.0000001186111
   1.0000002384177
   1.0000004607028
   1.0000008558006
   1.0000015282476
   1.0000026235194
   1.0000043295657
   1.0000068686918
   1.0000104754724
   1.0000153583145
   1.0000216463497
   1.0000293290788
   1.0000382021188
   1.0000478361778
   1.0000575856069
   1.0000666461465
   1.0000741595227
   1.0000793484142
   1.0000816537402
   1.0000808417972
   1.0000770539674
   1.0000707855362
   1.0000627983086
   1.0000539882357
   1.0000452389483
   1.0000372924840
   1.0000306606030
   1.0000255875586
   1.0000220624739
   1.0000198700445
   1.0000186636191
   1.0000180444049
   1.0000176331579
   1.0000171247226
   1.0000163201535
   1.0000151353790
   1.0000135891616
   1.0000117761407
   1.0000098325267
   1.0000079022057
   1.0000061095625
   1.0000045427076
   1.0000032477823
   1.0000022324670
   1.0000014753233
   1.0000009373091
   1.0000005724910
   1.0000003361605
   1.0000001897683
   1.0000001029938
   1.0000000537436
   1.0000000269647
   1.0000000130092
   1.0000000060359
   1.0000000026936
   1.0000000011563
   1.0000000004777
   1.0000000001899
   1.0000000000727
   1.0000000000268
   1.0000000000095
   1.0000000000033
   1.0000000000011
   1.0000000000003
   1.0000000000001
   1.0000000000000
   1.0000000000000
   1.0000000000000
   1.0000000000000
   1.0000000000000
   1.0000000000000
   1.0000000108686
   1.0000000255804
   1.0000000578779
   1.0000001258888
   1.0000002632273
   1.0000005291076
   1.0000010224132
   1.0000018992329
   1.0000033915589
   1.0000058222379
   1.0000096083774
   1.0000152433295
   1.0000232476788
   1.0000340839439
   1.0000480387281
   1.0000650887951
   1.0000847807031
   1.0001061620215
   1.0001278004233
   1.0001479120270
   1.0001645938000
   1.0001761234638
   1.0001812646316
   1.0001795050447
   1.0001711672289
   1.0001573614845
   1.0001397913569
   1.0001204584303
   1.0001013349115
   1.0000840735909
   1.0000698075926
   1.0000590648427
   1.0000517941395
   1.0000474786706
   1.0000453020101
   1.0000443302311
   1.0000436787710
   1.0000426409867
   1.0000407648966
   1.0000378743990
   1.0000340405619
   1.0000295163413
   1.0000246529304
   1.0000198167690
   1.0000153228957
   1.0000113939107
   1.0000081463418
   1.0000055998281
   1.0000037007625
   1.0000023512857
   1.0000014362109
   1.0000008434069
   1.0000004761859
   1.0000002584989
   1.0000001349324
   1.0000000677322
   1.0000000327008
   1.0000000151876
   1.0000000067873
   1.0000000029196
   1.0000000012093
   1.0000000004826
   1.0000000001856
   1.0000000000689
   1.0000000000247
   1.0000000000085
   1.0000000000029
   1.0000000000009
   1.0000000000003
   1.0000000000001
   1.0000000000000
   1.0000000000000
   1.0000000000000
   1.0000000000000
   1.0000000000000
   1.0000000231746
   1.0000000545442
   1.0000001234110
   1.0000002684283
   1.0000005612702
   1.0000011281974
   1.0000021800553
   1.0000040496668
   1.0000072317010
   1.0000124145527
   1.0000204876072
   1.0000325028268
   1.0000495702471
   1.0000726761099
   1.0001024315981
   1.0001387873189
   1.0001807767398
   1.0002263696865
   1.0002725133309
   1.0003154063010
   1.0003509948978
   1.0003756134908
   1.0003866362644
   1.0003829863399
   1.0003653725484
   1.0003361891905
   1.0002990997943
   1.0002584041933
   1.0002183346748
   1.0001824299472
   1.0001530998698
   1.0001314360611
   1.0001172641229
   1.0001093880871
   1.0001059535557
   1.0001048512825
   1.0001040916918
   1.0001020971145
   1.0000978785681
   1.0000910858023
   1.0000819412789
   1.0000710878266
   1.0000593921539
   1.0000477491707
   1.0000369246066
   1.0000274583184
   1.0000196328198
   1.0000134962306
   1.0000089197063
   1.0000056675505
   1.0000034622204
   1.0000020335053
   1.0000011484041
   1.0000006236546
   1.0000003257261
   1.0000001636448
   1.0000000791052
   1.0000000368053
   1.0000000164896
   1.0000000071178
   1.0000000029623
   1.0000000011896
   1.0000000004614
   1.0000000001730
   1.0000000000628
   1.0000000000221
   1.0000000000075
   1.0000000000025
   1.0000000000008
   1.0000000000002
   1.0000000000001
   1.0000000000000
   1.0000000000000
   1.0000000000000
   1.0000000000000
   1.0000000474777
   1.0000001117443
   1.0000002528310
   1.0000005499267
   1.0000011498694
   1.0000023113282
   1.0000044662603
   1.0000082965173
   1.0000148155240
   1.0000254335902
   1.0000419727961
   1.0000665882983
   1.0001015542453
   1.0001488912107
   1.0002098514787
   1.0002843342139
   1.0003703600431
   1.0004637712922
   1.0005583166045
   1.0006462135488
   1.0007191667721
   1.0007696820949
   1.0007924043176
   1.0007851628893
   1.0007494588936
   1.0006902596779
   1.0006151427374
   1.0005329910324
   1.0004525377807
   1.0003810663310
   1.0003234992430
   1.0002819940394
   1.0002560424060
   1.0002429765399
   1.0002387343937
   1.0002387218456
   1.0002386233182
   1.0002350424404
   1.0002258946558
   1.0002105208738
   1.0001895410908
   1.0001645118396
   1.0001374816833
   1.0001105469790
   1.0000854940909
   1.0000635800104
   1.0000454623315
   1.0000312540656
   1.0000206575521
   1.0000131272977
   1.0000080207451
   1.0000047122645
   1.0000026623829
   1.0000014468080
   1.0000007564066
   1.0000003805821
   1.0000001843680
   1.0000000860447
   1.0000000387162
   1.0000000168113
   1.0000000070523
   1.0000000028618
   1.0000000011249
   1.0000000004289
   1.0000000001588
   1.0000000000571
   1.0000000000200
   1.0000000000068
   1.0000000000022
   1.0000000000007
   1.0000000000002
   1.0000000000001
   1.0000000000000
   1.0000000000000
   1.0000000000000
   1.0000000934548
   1.0000002199567
   1.0000004976710
   1.0000010824722
   1.0000022633958
   1.0000045496039
   1.0000087913590
   1.0000163308135
   1.0000291627876
   1.0000500633296
   1.0000826190199
   1.0001310720797
   1.0001998989912
   1.0002930771908
   1.0004130720221
   1.0005596857904
   1.0007290239865
   1.0009129060674
   1.0010990334540
   1.0012720992862
   1.0014157960109
   1.0015154067634
   1.0015604444327
   1.0015467158154
   1.0014772844436
   1.0013620663168
   1.0012161372423
   1.0010571468599
   1.0009024247822
   1.0007663823214
   1.0006586767585
   1.0005833794861
   1.0005391539382
   1.0005202646391
   1.0005181308532
   1.0005231023353
   1.0005261513844
   1.0005202272742
   1.0005010967870
   1.0004675926686
   1.0004213007498
   1.0003658179384
   1.0003057838835
   1.0002459100879
   1.0001901969583
   1.0001414546182
   1.0001011527194
   1.0000695457012
   1.0000459725655
   1.0000292201490
   1.0000178590593
   1.0000104975197
   1.0000059354803
   1.0000032291991
   1.0000016911602
   1.0000008530497
   1.0000004147590
   1.0000001945720
   1.0000000881794
   1.0000000386636
   1.0000000164293
   1.0000000067778
   1.0000000027193
   1.0000000010625
   1.0000000004047
   1.0000000001503
   1.0000000000544
   1.0000000000191
   1.0000000000065
   1.0000000000022
   1.0000000000007
   1.0000000000002
   1.0000000000001
   1.0000000000000
   1.0000000000000
   1.0000001767457
   1.0000004159917
   1.0000009412170
   1.0000020472184
   1.0000042806323
   1.0000086044084
   1.0000166266003
   1.0000308855454
   1.0000551539366
   1.0000946819644
   1.0001562527445
   1.0002478894026
   1.0003780581892
   1.0005542817307
   1.0007812233501
   1.0010585108462
   1.0013787823383
   1.0017265736874
   1.0020786392940
   1.0024060558719
   1.0026780266892
   1.0028667925999
   1.0029526354199
   1.0029277942823
   1.0027982956608
   1.0025831887635
   1.0023113282971
   1.0020164456115
   1.0017316127789
   1.0014842450228
   1.0012925376644
   1.0011638156328
   1.0010948329172
   1.0010737073391
   1.0010829600932
   1.0011030422738
   1.0011157411047
   1.0011069410606
   1.0010683582984
   1.0009980634399
   1.0008998369375
   1.0007816209512
   1.0006534883728
   1.0005256004164
   1.0004065576389
   1.0003023924185
   1.0002162585113
   1.0001487051016
   1.0000983211724
   1.0000625139926
   1.0000382282459
   1.0000224891409
   1.0000127319981
   1.0000069402590
   1.0000036451648
   1.0000018464486
   1.0000009031965
   1.0000004273095
   1.0000001959068
   1.0000000872256
   1.0000000378014
   1.0000000159791
   1.0000000065990
   1.0000000026646
   1.0000000010518
   1.0000000004053
   1.0000000001521
   1.0000000000555
   1.0000000000196
   1.0000000000067
   1.0000000000022
   1.0000000000007
   1.0000000000002
   1.0000000000001
   1.0000000000000
   1.0000003211676
   1.0000007559055
   1.0000017103013
   1.0000037200352
   1.0000077784096
   1.0000156352166
   1.0000302124785
   1.0000561226527
   1.0001002211682
   1.0001720482500
   1.0002839296527
   1.0004504444420
   1.0006869770597
   1.0010071976664
   1.0014195816231
   1.0019234560627
   1.0025054509477
   1.0031374810377
   1.0037773351278
   1.0043725090313
   1.0048671335369
   1.0052109190684
   1.0053682725848
   1.0053254398085
   1.0050938492424
   1.0047087227140
   1.0042231964150
   1.0036992862444
   1.0031976991532
   1.0027685802646
   1.0024448510007
   1.0022390513017
   1.0021438076615
   1.0021354030899
   1.0021795081901
   1.0022379346304
   1.0022752480615
   1.0022641952823
   1.0021891532632
   1.0020471877464
   1.0018467731911
   1.0016046821967
   1.0013418849049
   1.0010794140348
   1.0008350228520
   1.0006211463314
   1.0004442828410
   1.0003055685690
   1.0002021076764
   1.0001285750235
   1.0000786952634
   1.0000463593229
   1.0000263015784
   1.0000143830365
   1.0000075901296
   1.0000038712388
   1.0000019120980
   1.0000009167830
   1.0000004278478
   1.0000001948858
   1.0000000868586
   1.0000000379437
   1.0000000162562
   1.0000000068251
   1.0000000028022
   1.0000000011216
   1.0000000004360
   1.0000000001640
   1.0000000000595
   1.0000000000207
   1.0000000000069
   1.0000000000022
   1.0000000000007
   1.0000000000002
   1.0000000000001
   1.0000005607252
   1.0000013197323
   1.0000029860080
   1.0000064947941
   1.0000135802932
   1.0000272974607
   1.0000527478438
   1.0000979843161
   1.0001749757530
   1.0003003784218
   1.0004957118867
   1.0007864298906
   1.0011993926085
   1.0017584680370
   1.0024784563480
   1.0033581896245
   1.0043743396985
   1.0054779020851
   1.0065952371842
   1.0076347823583
   1.0084991774314
   1.0091009220603
   1.0093783425849
   1.0093081124299
   1.0089111272171
   1.0082500787666
   1.0074191261859
   1.0065279676938
   1.0056837972557
   1.0049748111845
   1.0044582074283
   1.0041543593530
   1.0040474827157
   1.0040919755189
   1.0042228341044
   1.0043681255552
   1.0044613687079
   1.0044518183129
   1.0043110735066
   1.0040351404154
   1.0036419827952
   1.0031655041349
   1.0026475789219
   1.0021299969883
   1.0016479462122
   1.0012260421168
   1.0008771414400
   1.0006034963163
   1.0003993916377
   1.0002543154244
   1.0001558821138
   1.0000920379851
   1.0000523978075
   1.0000288025846
   1.0000153153143
   1.0000078964370
   1.0000039591740
   1.0000019366928
   1.0000009273178
   1.0000004358461
   1.0000002014386
   1.0000000915717
   1.0000000408836
   1.0000000178735
   1.0000000076209
   1.0000000031551
   1.0000000012628
   1.0000000004867
   1.0000000001801
   1.0000000000638
   1.0000000000216
   1.0000000000070
   1.0000000000021
   1.0000000000006
   1.0000000000002
   1.0000009405976
   1.0000022138064
   1.0000050089276
   1.0000108947980
   1.0000227804839
   1.0000457905704
   1.0000884827328
   1.0001643654009
   1.0002935159777
   1.0005038748441
   1.0008315404940
   1.0013192111251
   1.0020119448015
   1.0029497817847
   1.0041575546917
   1.0056333173478
   1.0073379650776
   1.0091893502913
   1.0110640526753
   1.0128086765648
   1.0142602479516
   1.0152725567936
   1.0157430350802
   1.0156338557308
   1.0149818576778
   1.0138944760492
   1.0125322927966
   1.0110820245888
   1.0097257721403
   1.0086127106698
   1.0078382580313
   1.0074337078839
   1.0073670638217
   1.0075538773115
   1.0078754981902
   1.0082012889933
   1.0084109780152
   1.0084134444570
   1.0081589166985
   1.0076428387846
   1.0069013547970
   1.0060001002694
   1.0050192991526
   1.0040386636452
   1.0031251665049
   1.0023256011993
   1.0016643891570
   1.0011458040459
   1.0007589955806
   1.0004840162457
   1.0002973739807
   1.0001762187491
   1.0001008771206
   1.0000559061278
   1.0000300793404
   1.0000157654274
   1.0000080805550
   1.0000040657104
   1.0000020144602
   1.0000009846072
   1.0000004746351
   1.0000002251502
   1.0000001046902
   1.0000000474848
   1.0000000209035
   1.0000000088889
   1.0000000036364
   1.0000000014265
   1.0000000005351
   1.0000000001916
   1.0000000000654
   1.0000000000212
   1.0000000000066
   1.0000000000019
   1.0000000000005
   1.0000015159788
   1.0000035680333
   1.0000080729823
   1.0000175593498
   1.0000367157327
   1.0000738015214
   1.0001426092851
   1.0002649108238
   1.0004730652975
   1.0008121048401
   1.0013402103451
   1.0021262000309
   1.0032426966937
   1.0047542385308
   1.0067008593524
   1.0090794460939
   1.0118270231848
   1.0148112934296
   1.0178335340660
   1.0206468743357
   1.0229892733643
   1.0246261179079
   1.0253937138628
   1.0252334672624
   1.0242080078395
   1.0224946291014
   1.0203569408368
   1.0181007992188
   1.0160238645324
   1.0143688038892
   1.0132884389935
   1.0128279565165
   1.0129257339146
   1.0134311771311
   1.0141355524417
   1.0148101441362
   1.0152451679101
   1.0152828418400
   1.0148390741275
   1.0139104354893
   1.0125661394406
   1.0109279467632
   1.0091433457079
   1.0073583201416
   1.0056952791529
   1.0042396436885
   1.0030359439185
   1.0020919329401
   1.0013877831142
   1.0008870984723
   1.0005470535897
   1.0003260323063
   1.0001882445985
   1.0001056352599
   1.0000578411138
   1.0000310410552
   1.0000163987158
   1.0000085578739
   1.0000044191080
   1.0000022563892
   1.0000011357355
   1.0000005608394
   1.0000002701781
   1.0000001262619
   1.0000000569535
   1.0000000246932
   1.0000000102567
   1.0000000040711
   1.0000000015413
   1.0000000005558
   1.0000000001907
   1.0000000000622
   1.0000000000193
   1.0000000000057
   1.0000000000016
   1.0000023475660
   1.0000055252712
   1.0000125014015
   1.0000271914982
   1.0000568560796
   1.0001142852111
   1.0002208373556
   1.0004102272126
   1.0007325645579
   1.0012575839905
   1.0020753819062
   1.0032925279126
   1.0050214851785
   1.0073622021867
   1.0103766918013
   1.0140601746354
   1.0183152177928
   1.0229371305483
   1.0276185243111
   1.0319777377622
   1.0356100860865
   1.0381540730409
   1.0393590400428
   1.0391384042748
   1.0375948492908
   1.0350101657376
   1.0318009618187
   1.0284494843315
   1.0254239646872
   1.0231041027958
   1.0217248614437
   1.0213470258692
   1.0218575751172
   1.0229979524666
   1.0244142909912
   1.0257206242806
   1.0265641990837
   1.0266815799737
   1.0259357838376
   1.0243283737240
   1.0219857401201
   1.0191244240351
   1.0160046767275
   1.0128832139723
   1.0099748939731
   1.0074294505633
   1.0053248059459
   1.0036743769188
   1.0024432587578
   1.0015675747297
   1.0009722784774
   1.0005845533578
   1.0003418905268
   1.0001953981219
   1.0001096777971
   1.0000607622629
   1.0000333526791
   1.0000181687210
   1.0000098108640
   1.0000052313310
   1.0000027389244
   1.0000013990950
   1.0000006930418
   1.0000003311449
   1.0000001519736
   1.0000000667701
   1.0000000280152
   1.0000000112053
   1.0000000042669
   1.0000000015454
   1.0000000005320
   1.0000000001740
   1.0000000000541
   1.0000000000159
   1.0000000000045
   1.0000034928342
   1.0000082207938
   1.0000186002535
   1.0000404569651
   1.0000845935166
   1.0001700396543
   1.0003285736512
   1.0006103580729
   1.0010899490225
   1.0018711016563
   1.0030878670202
   1.0048988072353
   1.0074712565241
   1.0109539370005
   1.0154391459692
   1.0209198419286
   1.0272512066647
   1.0341289894529
   1.0410964182067
   1.0475866961386
   1.0529995581576
   1.0568002007812
   1.0586204392255
   1.0583384344894
   1.0561165474431
   1.0523862217686
   1.0477814282732
   1.0430341650438
   1.0388533513977
   1.0358105143663
   1.0342524040935
   1.0342540087282
   1.0356175813013
   1.0379157922870
   1.0405706313857
   1.0429543893065
   1.0444953345068
   1.0447694200824
   1.0435615074245
   1.0408855416996
   1.0369619507689
   1.0321600568114
   1.0269207067758
   1.0216774171300
   1.0167923612095
   1.0125175395941
   1.0089837508170
   1.0062130628056
   1.0041462077027
   1.0026752910097
   1.0016738648218
   1.0010195324729
   1.0006075234713
   1.0003561745914
   1.0002065943000
   1.0001190637005
   1.0000682939526
   1.0000389266376
   1.0000219479269
   1.0000121622226
   1.0000065772561
   1.0000034485217
   1.0000017432926
   1.0000008459830
   1.0000003928087
   1.0000001740951
   1.0000000735240
   1.0000000295513
   1.0000000112941
   1.0000000041019
   1.0000000014151
   1.0000000004636
   1.0000000001442
   1.0000000000426
   1.0000000000119
   1.0000049931382
   1.0000117519347
   1.0000265897638
   1.0000578347578
   1.0001209296247
   1.0002430781099
   1.0004697084690
   1.0008725300345
   1.0015581237291
   1.0026748119322
   1.0044142269806
   1.0070030428980
   1.0106804791642
   1.0156591613297
   1.0220710823640
   1.0299062885113
   1.0389579952527
   1.0487917479417
   1.0587555060939
   1.0680407239367
   1.0757922835528
   1.0812505911634
   1.0838970012182
   1.0835686239402
   1.0805130437215
   1.0753667062243
   1.0690587091848
   1.0626588764969
   1.0572004435906
   1.0535110766511
   1.0520818798471
   1.0529950873930
   1.0559202083615
   1.0601774784640
   1.0648573997971
   1.0689763061631
   1.0716411749532
   1.0721940341084
   1.0703091420939
   1.0660253566003
   1.0597102782851
   1.0519682144706
   1.0435161632593
   1.0350571953491
   1.0271775836322
   1.0202844517475
   1.0145882704410
   1.0101233381315
   1.0067924177153
   1.0044199714809
   1.0028010709883
   1.0017380898015
   1.0010626093995
   1.0006440652319
   1.0003888857686
   1.0002343521314
   1.0001406944864
   1.0000837139694
   1.0000490114519
   1.0000280174416
   1.0000155285892
   1.0000082962945
   1.0000042534196
   1.0000020857264
   1.0000009759100
   1.0000004349772
   1.0000001844661
   1.0000000743709
   1.0000000284889
   1.0000000103648
   1.0000000035804
   1.0000000011741
   1.0000000003654
   1.0000000001079
   1.0000000000303
   1.0000068581133
   1.0000161413718
   1.0000365212432
   1.0000794364812
   1.0001660977652
   1.0003338696540
   1.0006451482290
   1.0011984268866
   1.0021400955874
   1.0036738769808
   1.0060629815768
   1.0096187532960
   1.0146697757303
   1.0215081253499
   1.0303151738892
   1.0410774241824
   1.0535112264924
   1.0670206042418
   1.0807114223959
   1.0934757943173
   1.1041438409426
   1.1116799047186
   1.1153835578049
   1.1150485868771
   1.1110390877754
   1.1042597761588
   1.0960221896015
   1.0878320739284
   1.0811393372765
   1.0770973142146
   1.0763734185129
   1.0790418478068
   1.0845744654805
   1.0919306943533
   1.0997321867982
   1.1064939066647
   1.1108718515544
   1.1118820772965
   1.1090491869357
   1.1024562699093
   1.0926901251152
   1.0806997109518
   1.0676048800034
   1.0545007638275
   1.0422987032688
   1.0316298985148
   1.0228186888469
   1.0159149516531
   1.0107641826814
   1.0070909968702
   1.0045757843779
   1.0029120606074
   1.0018404029853
   1.0011613765454
   1.0007334457954
   1.0004626760427
   1.0002898964408
   1.0001789921963
   1.0001079983415
   1.0000631999381
   1.0000356510619
   1.0000192959462
   1.0000099869201
   1.0000049309720
   1.0000023187146
   1.0000010372346
   1.0000004410396
   1.0000001781604
   1.0000000683459
   1.0000000248924
   1.0000000086059
   1.0000000028238
   1.0000000008793
   1.0000000002598
   1.0000000000729
   1.0000090504711
   1.0000213013422
   1.0000481961206
   1.0001048302285
   1.0002191948425
   1.0004405989959
   1.0008513851886
   1.0015815326786
   1.0028242288069
   1.0048483220666
   1.0080011674556
   1.0126936454143
   1.0193593996390
   1.0283839259392
   1.0400066927217
   1.0542101482543
   1.0706205199101
   1.0884524320973
   1.1065280775280
   1.1233893707818
   1.1374993621904
   1.1475027328084
   1.1524929496225
   1.1522240063308
   1.1472122433110
   1.1386971616179
   1.1284623866158
   1.1185492072181
   1.1109168973849
   1.1071121373290
   1.1080050759776
   1.1136358360365
   1.1231967837847
   1.1351552591584
   1.1474997338310
   1.1580707614384
   1.1649197751733
   1.1666290187304
   1.1625299325620
   1.1527772427958
   1.1382683812316
   1.1204339737044
   1.1009539848977
   1.0814668939183
   1.0633329578060
   1.0474908975934
   1.0344186787360
   1.0241829657265
   1.0165452826859
   1.0110884120969
   1.0073323247622
   1.0048205717008
   1.0031707399358
   1.0020926210850
   1.0013834189330
   1.0009106783199
   1.0005918722460
   1.0003763723025
   1.0002322829537
   1.0001382293488
   1.0000789311726
   1.0000430967587
   1.0000224455284
   1.0000111320919
   1.0000052515679
   1.0000023546595
   1.0000010029127
   1.0000004056351
   1.0000001557528
   1.0000000567660
   1.0000000196354
   1.0000000064454
   1.0000000020077
   1.0000000005934
   1.0000000001664
   1.0000114755409
   1.0000270090278
   1.0000611102512
   1.0001329194464
   1.0002779280188
   1.0005586573529
   1.0010795136423
   1.0020053042092
   1.0035809813993
   1.0061474331105
   1.0101450923198
   1.0160949463010
   1.0245468629270
   1.0359897033945
   1.0507272691264
   1.0687376781943
   1.0895477974653
   1.1121634138882
   1.1350942214583
   1.1564971212759
   1.1744332398178
   1.1872004542428
   1.1936748402988
   1.1935819187849
   1.1876277643144
   1.1774493112030
   1.1653838092098
   1.1540971789820
   1.1461394167359
   1.1435069708161
   1.1472879334170
   1.1574503675137
   1.1728116713808
   1.1912000894110
   1.2097892918758
   1.2255553154372
   1.2357772720191
   1.2384873646489
   1.2327800133417
   1.2189175494128
   1.1982160634609
   1.1727469306090
   1.1449313510136
   1.1171241439668
   1.0912745229908
   1.0687208257408
   1.0501351929085
   1.0355965592793
   1.0247460916237
   1.0169721669598
   1.0115798391792
   1.0079164271142
   1.0054434702167
   1.0037604154853
   1.0025942025939
   1.0017711853676
   1.0011852031890
   1.0007705453922
   1.0004833338757
   1.0002909962135
   1.0001675412507
   1.0000920130789
   1.0000481197303
   1.0000239352746
   1.0000113150278
   1.0000050809567
   1.0000021664687
   1.0000008769406
   1.0000003369192
   1.0000001228481
   1.0000000425072
   1.0000000139567
   1.0000000043482
   1.0000000012854
   1.0000000003605
   1.0000139801105
   1.0000329038255
   1.0000744477390
   1.0001619294992
   1.0003385866187
   1.0006805859761
   1.0013151207917
   1.0024429683010
   1.0043625431407
   1.0074891351220
   1.0123593089743
   1.0196077748966
   1.0299044516614
   1.0438449948879
   1.0617997422453
   1.0837425493142
   1.1090981104441
   1.1366574308080
   1.1646092014604
   1.1907158827912
   1.2126290699296
   1.2282976643598
   1.2363875733644
   1.2366159707070
   1.2299137826601
   1.2183651366980
   1.2049216326483
   1.1929379827308
   1.1856112430782
   1.1854222526182
   1.1936756474875
   1.2102185236492
   1.2333919071682
   1.2602356715042
   1.2869271395408
   1.3093892371329
   1.3239636582356
   1.3280203556881
   1.3203786596615
   1.3014522678235
   1.2730934931703
   1.2381839086302
   1.2000767460364
   1.1620232823412
   1.1267045796679
   1.0959482142882
   1.0706533354030
   1.0508950907127
   1.0361450816629
   1.0255336521298
   1.0180898463334
   1.0129178756704
   1.0092954816086
   1.0067018426848
   1.0047961337955
   1.0033716306879
   1.0023063929742
   1.0015236415342
   1.0009666249229
   1.0005866103903
   1.0003396184377
   1.0001872399847
   1.0000981858377
   1.0000489320787
   1.0000231632982
   1.0000104114904
   1.0000044424822
   1.0000017991483
   1.0000006914924
   1.0000002522046
   1.0000000872850
   1.0000000286636
   1.0000000089313
   1.0000000026405
   1.0000000007407
   1.0000163637750
   1.0000385140588
   1.0000871413759
   1.0001895391284
   1.0003963170058
   1.0007966286730
   1.0015393544025
   1.0028595050709
   1.0051063771791
   1.0087660719564
   1.0144666484875
   1.0229510587070
   1.0350034990036
   1.0513213177170
   1.0723383017978
   1.0980245281844
   1.1277080415529
   1.1599766298593
   1.1927157854468
   1.2233168061419
   1.2490489112696
   1.2675410719526
   1.2772782050933
   1.2779974725392
   1.2708821262336
   1.2584906177535
   1.2444157119394
   1.2327256018122
   1.2272822077638
   1.2310537461173
   1.2455396237334
   1.2704101045773
   1.3034347152184
   1.3407329638340
   1.3773288628541
   1.4079310869227
   1.4278047726713
   1.4335663006192
   1.4237354095203
   1.3989264586137
   1.3616436926969
   1.3157405796673
   1.2656811976561
   1.2157784752401
   1.1695710666507
   1.1294464400833
   1.0965434618449
   1.0708976244853
   1.0517446874546
   1.0378819516004
   1.0279981998627
   1.0209138433777
   1.0157096856935
   1.0117549140209
   1.0086652744934
   1.0062286434278
   1.0043296355779
   1.0028926427617
   1.0018495332820
   1.0011284762559
   1.0006557622819
   1.0003624683432
   1.0001904136721
   1.0000950143561
   1.0000450176806
   1.0000202475577
   1.0000086434203
   1.0000035016524
   1.0000013461742
   1.0000004910741
   1.0000001699786
   1.0000000558253
   1.0000000173960
   1.0000000051433
   1.0000000014428
   1.0000184031366
   1.0000433139352
   1.0000980015105
   1.0002131607518
   1.0004457086730
   1.0008959098961
   1.0017311992647
   1.0032158766726
   1.0057427715033
   1.0098585697543
   1.0162696134626
   1.0258114729828
   1.0393661448177
   1.0577180520609
   1.0813554310458
   1.1102454927021
   1.1436343714493
   1.1799375692769
   1.2167842195294
   1.2512536584575
   1.2802977041631
   1.3012877013574
   1.3125788261706
   1.3139621884529
   1.3068874806664
   1.2943832337175
   1.2806652618232
   1.2704886147171
   1.2683487374493
   1.2776656204120
   1.3000903966861
   1.3350606942453
   1.3797013845317
   1.4291204813601
   1.4770852829815
   1.5169869401261
   1.5429279856274
   1.5507201741237
   1.5385811516621
   1.5073770911325
   1.4603633200317
   1.4024963364295
   1.3394908699313
   1.2768443673443
   1.2190368777661
   1.1690470459988
   1.1282307323076
   1.0965179298015
   1.0728200263893
   1.0555145374499
   1.0428868512795
   1.0334474576347
   1.0260931571633
   1.0201266102178
   1.0151790125341
   1.0110908780578
   1.0077979943370
   1.0052508657143
   1.0033753614661
   1.0020669676359
   1.0012041234659
   1.0006667157629
   1.0003506603780
   1.0001751219738
   1.0000830216233
   1.0000373563286
   1.0000159517971
   1.0000064638853
   1.0000024853815
   1.0000009067590
   1.0000003138910
   1.0000001030970
   1.0000000321283
   1.0000000094995
   1.0000000026649
   1.0000198854607
   1.0000468027587
   1.0001058952754
   1.0002303302959
   1.0004816093633
   1.0009680731977
   1.0018706432356
   1.0034749085317
   1.0062053413635
   1.0106526662711
   1.0175801315952
   1.0278906434661
   1.0425373243974
   1.0623679841643
   1.0879106591018
   1.1191309732949
   1.1552165782289
   1.1944598837159
   1.2343078065450
   1.2716204938849
   1.3031322412123
   1.3260489088175
   1.3386653397119
   1.3408617106682
   1.3343497884680
   1.3225867396583
   1.3103420404973
   1.3029734034861
   1.3055242933988
   1.3217901664433
   1.3535122976431
   1.3998492423776
   1.4572468194678
   1.5197750701371
   1.5799233593299
   1.6297496907232
   1.6621874195877
   1.6722514426437
   1.6578843296109
   1.6202523705300
   1.5634287253521
   1.4935494862293
   1.4176526310326
   1.3424722182127
   1.2734459346518
   1.2141145548157
   1.1659771755971
   1.1287522412799
   1.1009109098353
   1.0803122974313
   1.0647809133132
   1.0525144153812
   1.0422762933823
   1.0333924920707
   1.0256159108954
   1.0189389776618
   1.0134234116535
   1.0090879844327
   1.0058633590512
   1.0035994440580
   1.0021004144449
   1.0011643329292
   1.0006128739176
   1.0003062446162
   1.0001452415943
   1.0000653712460
   1.0000279203460
   1.0000113153873
   1.0000043512742
   1.0000015876350
   1.0000005496222
   1.0000001805310
   1.0000000562612
   1.0000000166354
   1.0000000046669
   1.0000206450016
   1.0000485904274
   1.0001099400311
   1.0002391279530
   1.0005000048520
   1.0010050496633
   1.0019420944463
   1.0036076371440
   1.0064423648760
   1.0110595705688
   1.0182516698891
   1.0289560946555
   1.0441624706536
   1.0647512291828
   1.0912711313783
   1.1236877253753
   1.1611602616221
   1.2019212486405
   1.2433303543085
   1.2821466451046
   1.3150125369058
   1.3390814331680
   1.3526677139017
   1.3557712368603
   1.3503396573675
   1.3401789193427
   1.3304918939142
   1.3270986920220
   1.3354536002377
   1.3596144206864
   1.4013387532157
   1.4594789381961
   1.5298205244368
   1.6054526399730
   1.6776697202916
   1.7372912493976
   1.7761740573759
   1.7886162479659
   1.7723464973801
   1.7288715237970
   1.6631026041697
   1.5823568698515
   1.4949772105232
   1.4088920347908
   1.3304245319893
   1.2635717328553
   1.2098395516216
   1.1685817179395
   1.1376833198668
   1.1143756874906
   1.0959749553050
   1.0803932149486
   1.0663578426245
   1.0533636787009
   1.0414479458730
   1.0309030102382
   1.0220268088333
   1.0149688490733
   1.0096818816790
   1.0059536608496
   1.0034781839808
   1.0019295954909
   1.0010162402113
   1.0005079940945
   1.0002409892546
   1.0001084867124
   1.0000463415472
   1.0000187829092
   1.0000072234068
   1.0000026357259
   1.0000009124979
   1.0000002997320
   1.0000000934117
   1.0000000276207
   1.0000000077487
   1.0000205934752
   1.0000484691543
   1.0001096656418
   1.0002385311409
   1.0004987569682
   1.0010025413936
   1.0019372478885
   1.0035986350513
   1.0064262921375
   1.0110319872566
   1.0182061746350
   1.0288839897992
   1.0440526990915
   1.0645908055919
   1.0910463277175
   1.1233862943074
   1.1607750162531
   1.2014554130710
   1.2428053191531
   1.2816131403250
   1.3145667162456
   1.3388877384166
   1.3529902506824
   1.3570142043945
   1.3530946297193
   1.3452723203916
   1.3390204010234
   1.3404350686123
   1.3552030054646
   1.3875042770729
   1.4390356646408
   1.5083437306833
   1.5906340113787
   1.6781641078186
   1.7612299894426
   1.8296264371705
   1.8743329572232
   1.8890874141198
   1.8714997803476
   1.8234445170579
   1.7506354480714
   1.6614846469692
   1.5655171220458
   1.4717064476080
   1.3870909021982
   1.3159348701674
   1.2595496973656
   1.2167251543069
   1.1845877408118
   1.1596251367146
   1.1386117334430
   1.1192346871108
   1.1003308675689
   1.0817661254261
   1.0640808546274
   1.0480636109789
   1.0343938511306
   1.0234343408841
   1.0151837776205
   1.0093478356719
   1.0054654081506
   1.0030336872706
   1.0015983167435
   1.0007991681706
   1.0003791900736
   1.0001707232739
   1.0000729336153
   1.0000295631002
   1.0000113697577
   1.0000041488313
   1.0000014363812
   1.0000004718242
   1.0000001470467
   1.0000000434804
   1.0000000121982
   1.0000197369398
   1.0000464531985
   1.0001051043694
   1.0002286100316
   1.0004780124359
   1.0009608433073
   1.0018566734171
   1.0034489607257
   1.0061590130294
   1.0105731597819
   1.0174489958452
   1.0276828090552
   1.0422209225123
   1.0619055917021
   1.0872627206389
   1.1182622203462
   1.1541063688359
   1.1931176662119
   1.2327955499119
   1.2700850238406
   1.3018518166430
   1.3254994537926
   1.3396113468148
   1.3444733823431
   1.3423400291333
   1.3373487060175
   1.3350517184296
   1.3416065226581
   1.3627297955353
   1.4025712355440
   1.4626961279368
   1.5413776568089
   1.6333822396577
   1.7303725626073
   1.8219481060237
   1.8972027109462
   1.9465351607878
   1.9633480947282
   1.9452556444169
   1.8945098571509
   1.8175329804446
   1.7236573847800
   1.6233637642068
   1.5264178209645
   1.4403101372792
   1.3693096349109
   1.3142787778490
   1.2732117521702
   1.2422904287688
   1.2171464505655
   1.1939976551750
   1.1703979791308
   1.1454792274110
   1.1197239300735
   1.0944362237328
   1.0711321102855
   1.0510430267699
   1.0348419920088
   1.0226025353080
   1.0139264707088
   1.0081468720034
   1.0045237832452
   1.0023839991432
   1.0011922291881
   1.0005657620082
   1.0002547469260
   1.0001088359492
   1.0000441179478
   1.0000169680440
   1.0000061918110
   1.0000021437303
   1.0000007041856
   1.0000002194660
   1.0000000648947
   1.0000000182059
   1.0000181746246
   1.0000427761072
   1.0000967846348
   1.0002105139796
   1.0004401744968
   1.0008847861030
   1.0017097055377
   1.0031759538530
   1.0056714916944
   1.0097362430911
   1.0160678524072
   1.0254917090084
   1.0388793525569
   1.0570066716888
   1.0803586482690
   1.1089091475331
   1.1419269322652
   1.1778740525124
   1.2144609345550
   1.2488983650586
   1.2783419366158
   1.3004696842849
   1.3140847742806
   1.3196084103072
   1.3193333394895
   1.3173449664048
   1.3190754357898
   1.3305224700025
   1.3572276602219
   1.4031616796800
   1.4697027774850
   1.5549140488072
   1.6533131414048
   1.7562716547465
   1.8530740079240
   1.9325185137342
   1.9847908584432
   2.0032311542029
   1.9855955202460
   1.9345021922146
   1.8569337047540
   1.7628908168363
   1.6634961665812
   1.5689708892261
   1.4869262847898
   1.4213257918488
   1.3723047663470
   1.3368269340146
   1.3099555070164
   1.2863746010252
   1.2617546427280
   1.2336307471280
   1.2016339968741
   1.1671235145119
   1.1324376192203
   1.1000574024026
   1.0719406964648
   1.0491702009765
   1.0319247261712
   1.0196815327779
   1.0115179712995
   1.0063973628171
   1.0033719721763
   1.0016865239734
   1.0008003966302
   1.0003604192829
   1.0001539895775
   1.0000624235918
   1.0000240091015
   1.0000087613243
   1.0000030333895
   1.0000009964367
   1.0000003105513
   1.0000000918286
   1.0000000257622
   1.0000160800184
   1.0000378462064
   1.0000856303103
   1.0001862524776
   1.0003894448996
   1.0007828156228
   1.0015126644329
   1.0028099307298
   1.0050178653767
   1.0086141733332
   1.0142161145577
   1.0225540020696
   1.0343990560807
   1.0504380483738
   1.0711007739542
   1.0963656825229
   1.1255891507448
   1.1574172400082
   1.1898372995811
   1.2204055287276
   1.2466470997006
   1.2665766322548
   1.2792428483876
   1.2851763556187
   1.2866224000015
   1.2874710402009
   1.2928477199600
   1.3083866181956
   1.3392681404426
   1.3891549285220
   1.4592036003328
   1.5473545372648
   1.6480961001122
   1.7528473911153
   1.8509977672331
   1.9314933095358
   1.9847049597271
   2.0041996778048
   1.9880106752010
   1.9390868308182
   1.8647796259091
   1.7754507974823
   1.6824934117974
   1.5961985369292
   1.5239366596811
   1.4690506659290
   1.4306908232698
   1.4045953750371
   1.3845837633422
   1.3643464173360
   1.3390459980587
   1.3063221796995
   1.2664966344703
   1.2220352370657
   1.1765433091442
   1.1336685440210
   1.0962420799886
   1.0658402864813
   1.0427740768660
   1.0263808224995
   1.0154427291299
   1.0085788670574
   1.0045223972818
   1.0022621225775
   1.0010736340690
   1.0004834800936
   1.0002065741600
   1.0000837420691
   1.0000322090858
   1.0000117537884
   1.0000040694951
   1.0000013367964
   1.0000004166307
   1.0000001231964
   1.0000000345625
   1.0000136691996
   1.0000321720626
   1.0000727920716
   1.0001583283319
   1.0003310568879
   1.0006654510981
   1.0012858767793
   1.0023886501455
   1.0042655618892
   1.0073227027468
   1.0120848067853
   1.0191727408365
   1.0292422185614
   1.0428773381429
   1.0604441360689
   1.0819258038279
   1.1067784228634
   1.1338575447714
   1.1614648086949
   1.1875458237179
   1.2100369317856
   1.2273166905276
   1.2386798473900
   1.2447292144140
   1.2475816573753
   1.2508087093237
   1.2590742123590
   1.2774824969927
   1.3107039474435
   1.3619959569145
   1.4322818130085
   1.5194792971232
   1.6182701694288
   1.7204551159959
   1.8159383941841
   1.8942433874265
   1.9463081216455
   1.9661965582404
   1.9523317220704
   1.9079318250713
   1.8404978591778
   1.7604179904323
   1.6789639606112
   1.6061059018931
   1.5486294676318
   1.5089873212267
   1.4851588074989
   1.4715514441491
   1.4607069198397
   1.4453486256224
   1.4202083066237
   1.3831459149710
   1.3353144221530
   1.2804355189022
   1.2235215114309
   1.1695027262561
   1.1221665278192
   1.0836307715746
   1.0543556165580
   1.0335334588900
   1.0196335644129
   1.0109084493271
   1.0057509786863
   1.0028768488265
   1.0013654532374
   1.0006149122510
   1.0002627366357
   1.0001065112982
   1.0000409671548
   1.0000149499349
   1.0000051761277
   1.0000017003253
   1.0000005299316
   1.0000001566996
   1.0000000439619
   1.0000111643923
   1.0000262767055
   1.0000594533182
   1.0001293155273
   1.0002703925371
   1.0005435109267
   1.0010502473550
   1.0019509448095
   1.0034839269233
   1.0059808763478
   1.0098703887484
   1.0156596038279
   1.0238841897396
   1.0350214810035
   1.0493710667861
   1.0669206133629
   1.0872288344028
   1.1093669951526
   1.1319595269418
   1.1533497454691
   1.1718891907482
   1.1863147244594
   1.1961457847414
   1.2020148153810
   1.2058430158507
   1.2107918111332
   1.2209536824849
   1.2407883063272
   1.2743564719597
   1.3244516675999
   1.3917731279506
   1.4743153702941
   1.5671529253747
   1.6627590232658
   1.7519056244002
   1.8250594693028
   1.8740458267006
   1.8936428326814
   1.8827361427362
   1.8447267525845
   1.7870348513290
   1.7197436222804
   1.6536304227989
   1.5979920669859
   1.5587493022623
   1.5372880030890
   1.5303504121349
   1.5310423080269
   1.5307214202453
   1.5212665914771
   1.4970971366916
   1.4563851660032
   1.4011705750616
   1.3364524465358
   1.2686476644692
   1.2039556064936
   1.1471062134259
   1.1007519436065
   1.0655042025859
   1.0404198431348
   1.0236688460766
   1.0131517324447
   1.0069341088869
   1.0034688547891
   1.0016464939355
   1.0007414922041
   1.0003168264169
   1.0001284404307
   1.0000494021440
   1.0000180281935
   1.0000062419471
   1.0000020504481
   1.0000006390544
   1.0000001889674
   1.0000000530146
   1.0000087611789
   1.0000206204615
   1.0000466555783
   1.0001014794664
   1.0002121886938
   1.0004265165493
   1.0008241747922
   1.0015309920510
   1.0027339929207
   1.0046934682416
   1.0077457699219
   1.0122889107771
   1.0187433506544
   1.0274839132451
   1.0387462550906
   1.0525219344523
   1.0684672822194
   1.0858588017453
   1.1036272932410
   1.1204915337397
   1.1351907623513
   1.1467880076805
   1.1549908191613
   1.1604197610850
   1.1647529902634
   1.1706881504066
   1.1816880393608
   1.2015102089485
   1.2335597971611
   1.2801471192939
   1.3417727065387
   1.4165935661084
   1.5002311213043
   1.5860483840543
   1.6659439619648
   1.7315922408018
   1.7759299792654
   1.7945889674117
   1.7869391893982
   1.7564564090882
   1.7102563582575
   1.6578169178804
   1.6091007639296
   1.5724536717077
   1.5527507392953
   1.5502604864661
   1.5605709064554
   1.5756739410099
   1.5859831360925
   1.5827606056438
   1.5602722673027
   1.5170583047446
   1.4559945361105
   1.3832241776297
   1.3063954690040
   1.2328086767456
   1.1680077782697
   1.1151078078354
   1.0748550735923
   1.0461969995515
   1.0270546174916
   1.0150341211457
   1.0079269649440
   1.0039656755122
   1.0018823553174
   1.0008477259587
   1.0003622226706
   1.0001468452466
   1.0000564815761
   1.0000206117732
   1.0000071364928
   1.0000023443084
   1.0000007306422
   1.0000002160501
   1.0000000606128
   1.0000066058007
   1.0000155475265
   1.0000351776250
   1.0000765140407
   1.0001599872027
   1.0003215873600
   1.0006214161706
   1.0011543470808
   1.0020613954221
   1.0035388211068
   1.0058402408682
   1.0092657833331
   1.0141325525930
   1.0207233636973
   1.0292163720828
   1.0396062670302
   1.0516361660083
   1.0647650980894
   1.0781956527759
   1.0909778693780
   1.1021891530264
   1.1111692878740
   1.1177699237822
   1.1225648504355
   1.1269646819644
   1.1331881083095
   1.1440601525357
   1.1626337178030
   1.1916624676271
   1.2329892106864
   1.2869507451060
   1.3519292148259
   1.4241883957770
   1.4981073071004
   1.5668563343785
   1.6234598482075
   1.6620772782038
   1.6792450442377
   1.6747860714781
   1.6521292225615
   1.6178853836816
   1.5806805403566
   1.5494198628914
   1.5313175685127
   1.5301384690367
   1.5451180036796
   1.5709223483592
   1.5987701058620
   1.6185059375955
   1.6210970388467
   1.6008462102525
   1.5566762842397
   1.4921404295557
   1.4142406279127
   1.3315172558542
   1.2520538760669
   1.1819691461418
   1.1247057558487
   1.0811105884833
   1.0500633297679
   1.0293211358718
   1.0162944687963
   1.0085918124080
   1.0042983913763
   1.0020403190807
   1.0009188771667
   1.0003926282674
   1.0001591727471
   1.0000612234429
   1.0000223422999
   1.0000077356808
   1.0000025411444
   1.0000007919906
   1.0000002341911
   1.0000000657023
   1.0000047854617
   1.0000112631453
   1.0000254838426
   1.0000554293216
   1.0001159000757
   1.0002329686768
   1.0004501748935
   1.0008362486156
   1.0014933472853
   1.0025636517339
   1.0042309004397
   1.0067125434062
   1.0102383697656
   1.0150134267449
   1.0211671640563
   1.0286965976391
   1.0374174664960
   1.0469415865180
   1.0566984519266
   1.0660130317176
   1.0742398941873
   1.0809386239261
   1.0860608302550
   1.0901088909737
   1.0942236808589
   1.1001637318633
   1.1101509160485
   1.1265768216014
   1.1515888479922
   1.1866047445565
   1.2318356995960
   1.2859238531095
   1.3458089723427
   1.4069192939520
   1.4637272728040
   1.5106277976998
   1.5430029930108
   1.5582609121582
   1.5566008946301
   1.5412812286709
   1.5182454937189
   1.4950905519791
   1.4795119119268
   1.4775153167547
   1.4918021384622
   1.5207755662383
   1.5585304401043
   1.5959645883114
   1.6228227205352
   1.6301588886150
   1.6125162603834
   1.5691759004984
   1.5041241782915
   1.4248204023706
   1.3402334467125
   1.2588015620602
   1.1868967111539
   1.1281076948391
   1.0833339689986
   1.0514400492756
   1.0301291881859
   1.0167441794096
   1.0088291760137
   1.0044172249510
   1.0020967536652
   1.0009443019458
   1.0004034948041
   1.0001635788872
   1.0000629184294
   1.0000229609145
   1.0000079498829
   1.0000026115131
   1.0000008139232
   1.0000002406768
   1.0000000675219
   1.0000033308699
   1.0000078395932
   1.0000177377599
   1.0000385809975
   1.0000806710416
   1.0001621554603
   1.0003133397503
   1.0005820629470
   1.0010394316379
   1.0017844121373
   1.0029449016014
   1.0046722749235
   1.0071265281956
   1.0104505134358
   1.0147346379805
   1.0199775038912
   1.0260523004809
   1.0326917575229
   1.0395044171821
   1.0460307781212
   1.0518396310174
   1.0566542195330
   1.0604873397902
   1.0637568784377
   1.0673505313563
   1.0726112887610
   1.0812236015077
   1.0949937062749
   1.1155363470389
   1.1439035879297
   1.1802170070335
   1.2233862281331
   1.2710051993743
   1.3195032911948
   1.3645862136895
   1.4019360888650
   1.4280650725136
   1.4411534507534
   1.4416711938139
   1.4325942211290
   1.4190857786184
   1.4076136699528
   1.4046039505011
   1.4148719813415
   1.4401907093939
   1.4784076128966
   1.5234574046472
   1.5664143560334
   1.5974196199178
   1.6080046343535
   1.5931453976731
   1.5524268284279
   1.4899792492710
   1.4132643133120
   1.3311619698275
   1.2519901793039
   1.1820190876703
   1.1247827547674
   1.0811789746925
   1.0501130585050
   1.0293532258547
   1.0163134240908
   1.0086022148543
   1.0043037377190
   1.0020429043744
   1.0009200567392
   1.0003931369878
   1.0001593803717
   1.0000613036956
   1.0000223716932
   1.0000077458856
   1.0000025445036
   1.0000007930392
   1.0000002345015
   1.0000000657894
   1.0000022275474
   1.0000052427944
   1.0000118622778
   1.0000258013724
   1.0000539494575
   1.0001084428960
   1.0002095488221
   1.0003892602399
   1.0006951310230
   1.0011933478874
   1.0019694491351
   1.0031246839714
   1.0047660918015
   1.0069893051912
   1.0098550155295
   1.0133628012351
   1.0174289467287
   1.0218769208470
   1.0264491934530
   1.0308462900299
   1.0347934690405
   1.0381281648825
   1.0408940664696
   1.0434221986067
   1.0463769670277
   1.0507464449505
   1.0577613932747
   1.0687367925396
   1.0848433180609
   1.1068339937253
   1.1347712325108
   1.1678168220850
   1.2041548506945
   1.2411076059021
   1.2754731599629
   1.3040635633817
   1.3243647725085
   1.3351889201982
   1.3371613191345
   1.3328889256029
   1.3266979070592
   1.3239044426191
   1.3296894781212
   1.3477714540758
   1.3791832197816
   1.4215162524767
   1.4689482660916
   1.5131938138468
   1.5452395182493
   1.5574369220474
   1.5453511706485
   1.5087997289486
   1.4517713506688
   1.3812951836613
   1.3056735597336
   1.2326580059485
   1.1680840450653
   1.1152425840116
   1.0749780441929
   1.0462874043217
   1.0271132849442
   1.0150688886210
   1.0079460835796
   1.0039755144908
   1.0018871172996
   1.0008499000008
   1.0003631606847
   1.0001472281976
   1.0000566296307
   1.0000206660087
   1.0000071553246
   1.0000023505079
   1.0000007325775
   1.0000002166231
   1.0000000607737
   1.0000014313034
   1.0000033687407
   1.0000076220689
   1.0000165785914
   1.0000346650614
   1.0000696796765
   1.0001346450743
   1.0002501184337
   1.0004466558815
   1.0007667870444
   1.0012654786372
   1.0020077996044
   1.0030625573036
   1.0044912720801
   1.0063331085484
   1.0085881686059
   1.0112034527872
   1.0140671351590
   1.0170168348067
   1.0198658052351
   1.0224474133173
   1.0246735563243
   1.0265978204809
   1.0284703497213
   1.0307694391943
   1.0341952897960
   1.0396144525336
   1.0479496163291
   1.0600189736679
   1.0763423835363
   1.0969464748376
   1.1212140884490
   1.1478295774475
   1.1748648722015
   1.2000288356369
   1.2210661659129
   1.2362492407260
   1.2448675826779
   1.2475958293037
   1.2466202085369
   1.2454301231426
   1.2482375160995
   1.2590710250230
   1.2806956642017
   1.3136085694807
   1.3554174111559
   1.4008752384156
   1.4426985346636
   1.4730565262842
   1.4853681372291
   1.4758880927975
   1.4445918028428
   1.3950893404599
   1.3336286829048
   1.2675479653431
   1.2036816068006
   1.1471696105028
   1.1009118624422
   1.0656580606271
   1.0405352826518
   1.0237445299898
   1.0131968473470
   1.0069590072115
   1.0034816981212
   1.0016527197450
   1.0007443376121
   1.0003180550311
   1.0001289422939
   1.0000495962485
   1.0000180993187
   1.0000062666487
   1.0000020585813
   1.0000006415938
   1.0000001897193
   1.0000000532258
   1.0000008836330
   1.0000020797341
   1.0000047055795
   1.0000102350016
   1.0000214009150
   1.0000430176456
   1.0000831249198
   1.0001544140916
   1.0002757497420
   1.0004733891575
   1.0007812697625
   1.0012395707696
   1.0018907918647
   1.0027729636031
   1.0039103816656
   1.0053033690810
   1.0069197584099
   1.0086916314796
   1.0105208995170
   1.0122962355680
   1.0139216754409
   1.0153542388268
   1.0166448110851
   1.0179739501677
   1.0196727921255
   1.0222191929360
   1.0262009740524
   1.0322420316808
   1.0408935509471
   1.0525016664962
   1.0670735948415
   1.0841739382634
   1.1028876101120
   1.1218816455281
   1.1395828078267
   1.1544625241044
   1.1653901168680
   1.1719867470472
   1.1748933459154
   1.1758620833282
   1.1775970716307
   1.1833095288401
   1.1960168398848
   1.2176983405297
   1.2485044962019
   1.2862667126033
   1.3265331193368
   1.3632384988934
   1.3899213341956
   1.4011927290317
   1.3940321789711
   1.3685063399143
   1.3276879109548
   1.2768239222733
   1.2220505736130
   1.1690720878225
   1.1221752136351
   1.0837792244430
   1.0545131558109
   1.0336557460959
   1.0197150630275
   1.0109574784244
   1.0057781889492
   1.0028909352733
   1.0013722980475
   1.0006180457184
   1.0002640911947
   1.0001070650643
   1.0000411814621
   1.0000150284976
   1.0000052034213
   1.0000017093142
   1.0000005327386
   1.0000001575309
   1.0000000441954
   1.0000005241403
   1.0000012336259
   1.0000027911863
   1.0000060710481
   1.0000126942834
   1.0000255165907
   1.0000493068821
   1.0000915933099
   1.0001635659392
   1.0002808004112
   1.0004634292622
   1.0007352908269
   1.0011216082558
   1.0016449736097
   1.0023198766271
   1.0031466833107
   1.0041066834283
   1.0051603404689
   1.0062509191179
   1.0073150412349
   1.0083004161085
   1.0091891996189
   1.0100235110561
   1.0109279685208
   1.0121230286119
   1.0139226965336
   1.0167110786210
   1.0208946336344
   1.0268312049912
   1.0347430447301
   1.0446283710092
   1.0561927538396
   1.0688251152605
   1.0816406078552
   1.0936025245481
   1.1037183355769
   1.1112839918084
   1.1161303869270
   1.1188112025406
   1.1206665901236
   1.1237062110916
   1.1302819458746
   1.1425675574313
   1.1619265464284
   1.1883160437050
   1.2199168538555
   1.2531658300670
   1.2832775201832
   1.3051902221634
   1.3147081234934
   1.3095083179024
   1.2896968147279
   1.2577387229184
   1.2178010020501
   1.1747407378018
   1.1330665133902
   1.0961645544456
   1.0659463895570
   1.0429112315962
   1.0264934692380
   1.0155197412720
   1.0086258418560
   1.0045486837985
   1.0022758024745
   1.0010803044996
   1.0004865409972
   1.0002078995513
   1.0000842845535
   1.0000324192075
   1.0000118308655
   1.0000040962851
   1.0000013456226
   1.0000004193877
   1.0000001240130
   1.0000000347919
   1.0000002987161
   1.0000007030636
   1.0000015907429
   1.0000034599905
   1.0000072346832
   1.0000145423356
   1.0000281008452
   1.0000522006830
   1.0000932194122
   1.0001600343174
   1.0002641205728
   1.0004190675289
   1.0006392591717
   1.0009375927674
   1.0013223767479
   1.0017939320403
   1.0023418339548
   1.0029440332224
   1.0035691278936
   1.0041827093344
   1.0047579598773
   1.0052896378450
   1.0058094362581
   1.0063996609535
   1.0072014381801
   1.0084134088549
   1.0102773057400
   1.0130482176892
   1.0169500002706
   1.0221202579464
   1.0285541461862
   1.0360607529762
   1.0442482576015
   1.0525526204722
   1.0603181654370
   1.0669274021861
   1.0719636263667
   1.0753760419801
   1.0776064438172
   1.0796318662871
   1.0828822336833
   1.0890095031956
   1.0995177510834
   1.1153103887634
   1.1362607604962
   1.1609453652360
   1.1866704831203
   1.2098581408643
   1.2267451455059
   1.2342271786938
   1.2306027366466
   1.2159823486577
   1.1922329735865
   1.1624859878899
   1.1303820697428
   1.0992968386807
   1.0717644288291
   1.0492156399131
   1.0320254218135
   1.0197729075547
   1.0115830104121
   1.0064378676815
   1.0033949139575
   1.0016985538089
   1.0008062916117
   1.0003631334549
   1.0001551675830
   1.0000629065528
   1.0000241963927
   1.0000088300872
   1.0000030573056
   1.0000010043199
   1.0000003130146
   1.0000000925585
   1.0000000259673
   1.0000001635706
   1.0000003849827
   1.0000008710571
   1.0000018946178
   1.0000039615609
   1.0000079630820
   1.0000153874544
   1.0000285840818
   1.0000510452830
   1.0000876323621
   1.0001446296928
   1.0002294806772
   1.0003500671881
   1.0005134649132
   1.0007242546234
   1.0009826815774
   1.0012831850941
   1.0016139905400
   1.0019584799654
   1.0022988712582
   1.0026223262449
   1.0029290246561
   1.0032410794173
   1.0036105431837
   1.0041242771703
   1.0049032358286
   1.0060939136700
   1.0078505020645
   1.0103079111216
   1.0135482776080
   1.0175666231088
   1.0222442121239
   1.0273397810028
   1.0325080246661
   1.0373508475138
   1.0415000529733
   1.0447214021117
   1.0470209533842
   1.0487271579883
   1.0505183114042
   1.0533670418722
   1.0583844492118
   1.0665686541824
   1.0784950326998
   1.0940210313404
   1.1121026119300
   1.1308144681146
   1.1476212541936
   1.1598682805572
   1.1653741356763
   1.1629528267623
   1.1527001252085
   1.1359522664721
   1.1149369754509
   1.0922391337155
   1.0702532962751
   1.0507764461223
   1.0348233343484
   1.0226605983315
   1.0139911442125
   1.0081961199249
   1.0045554547424
   1.0024022622280
   1.0012019109996
   1.0005705400026
   1.0002569572658
   1.0001097984295
   1.0000445134626
   1.0000171216802
   1.0000062482867
   1.0000021633906
   1.0000007106705
   1.0000002214935
   1.0000000654957
   1.0000000183748
   1.0000000860572
   1.0000002025458
   1.0000004582777
   1.0000009967902
   1.0000020842444
   1.0000041895148
   1.0000080956130
   1.0000150386191
   1.0000268559599
   1.0000461054219
   1.0000760938019
   1.0001207384833
   1.0001841895260
   1.0002701775466
   1.0003811311477
   1.0005172207076
   1.0006756084636
   1.0008502774316
   1.0010328277978
   1.0012145340238
   1.0013897398188
   1.0015603534004
   1.0017408383880
   1.0019627334276
   1.0022774364919
   1.0027558283979
   1.0034833831930
   1.0045498530847
   1.0060335527535
   1.0079817409138
   1.0103904387900
   1.0131887930339
   1.0162341180612
   1.0193233501504
   1.0222243830116
   1.0247266833381
   1.0267052673791
   1.0281864660437
   1.0293989918026
   1.0307909054146
   1.0329938406790
   1.0367224246481
   1.0426110628921
   1.0510117756435
   1.0618007723633
   1.0742580836617
   1.0870818548013
   1.0985693038679
   1.1069438172981
   1.1107500427457
   1.1092019046541
   1.1023729928624
   1.0911678158471
   1.0770872450610
   1.0618700414991
   1.0471258083795
   1.0340621205540
   1.0233609742662
   1.0152019515092
   1.0093861200621
   1.0054985031073
   1.0030561182363
   1.0016116115654
   1.0008063309872
   1.0003827611929
   1.0001723864965
   1.0000736612118
   1.0000298630659
   1.0000114865499
   1.0000041918364
   1.0000014513710
   1.0000004767732
   1.0000001485951
   1.0000000439396
   1.0000000123273
   1.0000000435016
   1.0000001023861
   1.0000002316575
   1.0000005038734
   1.0000010535774
   1.0000021177846
   1.0000040923077
   1.0000076019910
   1.0000135756801
   1.0000233064245
   1.0000384660717
   1.0000610355770
   1.0000931146495
   1.0001365936588
   1.0001927108706
   1.0002615760315
   1.0003418048310
   1.0004304573203
   1.0005234834948
   1.0006168325356
   1.0007082725950
   1.0007998044886
   1.0009003562092
   1.0010282431267
   1.0012127027014
   1.0014937041214
   1.0019192540837
   1.0025396529117
   1.0033986813933
   1.0045225440794
   1.0059084640558
   1.0075158618705
   1.0092636724817
   1.0110371589106
   1.0127063136737
   1.0141556084590
   1.0153217480887
   1.0162326900038
   1.0170381036200
   1.0180194303911
   1.0195678683301
   1.0221224081376
   1.0260687844598
   1.0316137412049
   1.0386643282839
   1.0467527418759
   1.0550457842865
   1.0624594556760
   1.0678659422481
   1.0703436608635
   1.0693974647218
   1.0650788746187
   1.0579672699119
   1.0490204792949
   1.0393467732757
   1.0299715286636
   1.0216638417114
   1.0148581126464
   1.0096689182696
   1.0059699204199
   1.0034972729541
   1.0019438242194
   1.0010250580000
   1.0005128640638
   1.0002434542841
   1.0001096461015
   1.0000468521063
   1.0000189943694
   1.0000073060099
   1.0000026662146
   1.0000009231437
   1.0000003032514
   1.0000000945139
   1.0000000279478
   1.0000000078408
   1.0000000211280
   1.0000000497272
   1.0000001125121
   1.0000002447229
   1.0000005117051
   1.0000010285736
   1.0000019875699
   1.0000036921765
   1.0000065935365
   1.0000113197169
   1.0000186828570
   1.0000296454766
   1.0000452283961
   1.0000663522387
   1.0000936242374
   1.0001271106610
   1.0001661667123
   1.0002094202871
   1.0002550119967
   1.0003011719956
   1.0003471607144
   1.0003945187470
   1.0004484697513
   1.0005192116949
   1.0006227321028
   1.0007807155830
   1.0010191131610
   1.0013650619164
   1.0018421278411
   1.0024643108668
   1.0032298465236
   1.0041164222788
   1.0050797850501
   1.0060576272945
   1.0069799564176
   1.0077858705485
   1.0084449245867
   1.0089793196182
   1.0094813061038
   1.0101189011305
   1.0111229652111
   1.0127507955628
   1.0152265101316
   1.0186665871854
   1.0230081876186
   1.0279644999241
   1.0330306205976
   1.0375524142936
   1.0408508271610
   1.0423720721967
   1.0418198707921
   1.0392275424746
   1.0349464119731
   1.0295556059546
   1.0237245575352
   1.0180723577491
   1.0130632805269
   1.0089595763953
   1.0058305074239
   1.0035999799852
   1.0021089347672
   1.0011721738200
   1.0006181365726
   1.0003092708207
   1.0001468096408
   1.0000661196719
   1.0000282531490
   1.0000114541482
   1.0000044057343
   1.0000016078045
   1.0000005566825
   1.0000001828694
   1.0000000569946
   1.0000000168533
   1.0000000047282
   1.0000000098593
   1.0000000232050
   1.0000000525035
   1.0000001141992
   1.0000002387858
   1.0000004799815
   1.0000009274963
   1.0000017229524
   1.0000030768846
   1.0000052824068
   1.0000087185815
   1.0000138347781
   1.0000211079013
   1.0000309688771
   1.0000437041428
   1.0000593514619
   1.0000776244664
   1.0000979122880
   1.0001194040162
   1.0001413779622
   1.0001636706568
   1.0001873010341
   1.0002151747859
   1.0002527377459
   1.0003083931717
   1.0003934585856
   1.0005214337546
   1.0007064099773
   1.0009605988158
   1.0012912051765
   1.0016971878146
   1.0021667648254
   1.0026767191565
   1.0031945209585
   1.0036839300068
   1.0041140643065
   1.0044709865288
   1.0047697880087
   1.0050641050541
   1.0054492306393
   1.0060548844337
   1.0070248293920
   1.0084833809519
   1.0104934481907
   1.0130160529336
   1.0158850999258
   1.0188108178088
   1.0214190192377
   1.0233219459158
   1.0242038637824
   1.0238964217688
   1.0224196813890
   1.0199753761581
   1.0168952930455
   1.0135626630108
   1.0103317757981
   1.0074682861713
   1.0051222611861
   1.0033333754976
   1.0020581659782
   1.0012057161699
   1.0006701546971
   1.0003534013894
   1.0001768167046
   1.0000839342660
   1.0000378020783
   1.0000161529571
   1.0000065485948
   1.0000025188583
   1.0000009192185
   1.0000003182681
   1.0000001045506
   1.0000000325851
   1.0000000096354
   1.0000000027032
   1.0000000044205
   1.0000000104041
   1.0000000235403
   1.0000000512020
   1.0000001070614
   1.0000002152035
   1.0000004158508
   1.0000007725025
   1.0000013795582
   1.0000023684521
   1.0000039091800
   1.0000062033277
   1.0000094649931
   1.0000138880538
   1.0000196024939
   1.0000266287106
   1.0000348456695
   1.0000439943923
   1.0000537400694
   1.0000638119330
   1.0000742287430
   1.0000855993840
   1.0000994638516
   1.0001186119591
   1.0001472891027
   1.0001911769081
   1.0002570323882
   1.0003518970676
   1.0004818616037
   1.0006504969197
   1.0008572259470
   1.0010960724600
   1.0013553273661
   1.0016186574269
   1.0018680051436
   1.0020882849018
   1.0022733991020
   1.0024325352301
   1.0025951419867
   1.0028125499994
   1.0031541194666
   1.0036963726282
   1.0045050894880
   1.0056128214295
   1.0069971584751
   1.0085671798987
   1.0101653525742
   1.0115887658860
   1.0126274370212
   1.0131105940387
   1.0129474197980
   1.0121492136684
   1.0108256905265
   1.0091569814749
   1.0073510241536
   1.0056000018366
   1.0040480024523
   1.0027764242803
   1.0018068045569
   1.0011156018130
   1.0006535445016
   1.0003632503204
   1.0001915577755
   1.0000958418609
   1.0000454958238
   1.0000204902908
   1.0000087555742
   1.0000035496115
   1.0000013653265
   1.0000004982549
   1.0000001725146
   1.0000000566708
   1.0000000176625
   1.0000000052228
   1.0000000014653
   1.0000000019043
   1.0000000044819
   1.0000000101408
   1.0000000220570
   1.0000000461204
   1.0000000927064
   1.0000001791425
   1.0000003327839
   1.0000005942989
   1.0000010203143
   1.0000016840813
   1.0000026724921
   1.0000040779105
   1.0000059841814
   1.0000084480584
   1.0000114800157
   1.0000150314975
   1.0000189981994
   1.0000232498975
   1.0000276956610
   1.0000323883914
   1.0000376644137
   1.0000443026292
   1.0000536743511
   1.0000678410365
   1.0000895459476
   1.0001220428148
   1.0001687173201
   1.0002324928885
   1.0003150735584
   1.0004161568842
   1.0005328301712
   1.0006594155233
   1.0007880233615
   1.0009099894845
   1.0010182032144
   1.0011100965386
   1.0011907820179
   1.0012755393704
   1.0013906227726
   1.0015713069654
   1.0018563726799
   1.0022790022441
   1.0028553235085
   1.0035733226556
   1.0043859301138
   1.0052120090017
   1.0059472500582
   1.0064838196916
   1.0067341010647
   1.0066515922639
   1.0062422649709
   1.0055626441553
   1.0047054114868
   1.0037775081114
   1.0028777529849
   1.0020802288116
   1.0014267879017
   1.0009285106582
   1.0005733058124
   1.0003358561091
   1.0001866743906
   1.0000984416691
   1.0000492532318
   1.0000233803629
   1.0000105299908
   1.0000044995037
   1.0000018241514
   1.0000007016437
   1.0000002560541
   1.0000000886556
   1.0000000291233
   1.0000000090768
   1.0000000026840
   1.0000000007530
   1.0000000007882
   1.0000000018551
   1.0000000041973
   1.0000000091294
   1.0000000190892
   1.0000000383712
   1.0000000741473
   1.0000001377402
   1.0000002459835
   1.0000004223185
   1.0000006970730
   1.0000011062361
   1.0000016880997
   1.0000024775196
   1.0000034983408
   1.0000047556880
   1.0000062311407
   1.0000078849232
   1.0000096696885
   1.0000115598286
   1.0000135982068
   1.0000159586589
   1.0000190176026
   1.0000234219212
   1.0000301336683
   1.0000404266148
   1.0000558078968
   1.0000778436502
   1.0001078840376
   1.0001467118120
   1.0001941763792
   1.0002489134132
   1.0003082751092
   1.0003685940756
   1.0004258647516
   1.0004768477841
   1.0005204904136
   1.0005594209170
   1.0006011353704
   1.0006583820275
   1.0007482183918
   1.0008893489995
   1.0010977233929
   1.0013809893739
   1.0017331195373
   1.0021310597163
   1.0025352150866
   1.0028947522226
   1.0031571590869
   1.0032797968744
   1.0032400680032
   1.0030409397236
   1.0027100020775
   1.0022924508579
   1.0018404187756
   1.0014020721302
   1.0010135181717
   1.0006951558485
   1.0004523881154
   1.0002793261894
   1.0001636361486
   1.0000909517805
   1.0000479629352
   1.0000239972646
   1.0000113914344
   1.0000051304478
   1.0000021922596
   1.0000008887678
   1.0000003418567
   1.0000001247554
   1.0000000431950
   1.0000000141895
   1.0000000044224
   1.0000000013077
   1.0000000003669
   1.0000000003134
   1.0000000007377
   1.0000000016692
   1.0000000036306
   1.0000000075913
   1.0000000152594
   1.0000000294868
   1.0000000547766
   1.0000000978236
   1.0000001679512
   1.0000002772245
   1.0000004399663
   1.0000006714327
   1.0000009855534
   1.0000013919706
   1.0000018930771
   1.0000024823009
   1.0000031453507
   1.0000038663430
   1.0000046405003
   1.0000054942929
   1.0000065124172
   1.0000078688514
   1.0000098564886
   1.0000129068261
   1.0000175885918
   1.0000245732411
   1.0000345576586
   1.0000481417493
   1.0000656715498
   1.0000870755960
   1.0001117395899
   1.0001384758763
   1.0001656435191
   1.0001914573331
   1.0002144889379
   1.0002343119942
   1.0002521821497
   1.0002715777866
   1.0002983748853
   1.0003404141848
   1.0004062788290
   1.0005032711138
   1.0006348607765
   1.0007982113894
   1.0009826373319
   1.0011698296945
   1.0013363035912
   1.0014578102959
   1.0015146687635
   1.0014964582925
   1.0014045668595
   1.0012517540357
   1.0010589088065
   1.0008501213304
   1.0006476468372
   1.0004681680409
   1.0003211100652
   1.0002089699889
   1.0001290283224
   1.0000755880407
   1.0000420131599
   1.0000221554259
   1.0000110850138
   1.0000052620263
   1.0000023698996
   1.0000010126671
   1.0000004105472
   1.0000001579134
   1.0000000576281
   1.0000000199530
   1.0000000065545
   1.0000000020428
   1.0000000006041
   1.0000000001695
   1.0000000001198
   1.0000000002819
   1.0000000006378
   1.0000000013872
   1.0000000029006
   1.0000000058305
   1.0000000112667
   1.0000000209298
   1.0000000373781
   1.0000000641746
   1.0000001059311
   1.0000001681248
   1.0000002565973
   1.0000003767003
   1.0000005321870
   1.0000007241249
   1.0000009503285
   1.0000012059961
   1.0000014863309
   1.0000017918424
   1.0000021367145
   1.0000025600312
   1.0000031387559
   1.0000040001928
   1.0000053303354
   1.0000073733410
   1.0000104169030
   1.0000147592772
   1.0000206568662
   1.0000282568618
   1.0000375268706
   1.0000482009788
   1.0000597667355
   1.0000715172766
   1.0000826853275
   1.0000926605660
   1.0001012697530
   1.0001090721959
   1.0001175949119
   1.0001294086162
   1.0001479387664
   1.0001769318720
   1.0002195716612
   1.0002773638792
   1.0003490548640
   1.0004299569180
   1.0005120475430
   1.0005850408281
   1.0006383188796
   1.0006632657357
   1.0006553215794
   1.0006150980772
   1.0005481865355
   1.0004637378185
   1.0003723040357
   1.0002836330944
   1.0002050319714
   1.0001406288749
   1.0000915176800
   1.0000565075483
   1.0000331035619
   1.0000183995473
   1.0000097029099
   1.0000048546531
   1.0000023044911
   1.0000010378916
   1.0000004434951
   1.0000001797981
   1.0000000691578
   1.0000000252381
   1.0000000087384
   1.0000000028705
   1.0000000008947
   1.0000000002646
   1.0000000000742
   1.0000000000440
   1.0000000001035
   1.0000000002341
   1.0000000005093
   1.0000000010648
   1.0000000021405
   1.0000000041362
   1.0000000076837
   1.0000000137223
   1.0000000235603
   1.0000000388914
   1.0000000617285
   1.0000000942210
   1.0000001383460
   1.0000001955099
   1.0000002661681
   1.0000003496533
   1.0000004444764
   1.0000005494041
   1.0000006655922
   1.0000007999367
   1.0000009695752
   1.0000012071139
   1.0000015656749
   1.0000021223035
   1.0000029777749
   1.0000042506248
   1.0000060636157
   1.0000085221504
   1.0000116864617
   1.0000155425019
   1.0000199795974
   1.0000247850320
   1.0000296656277
   1.0000343032916
   1.0000384451640
   1.0000420198336
   1.0000452599408
   1.0000487997727
   1.0000537068009
   1.0000614032425
   1.0000734445066
   1.0000911522698
   1.0001151514848
   1.0001449214037
   1.0001785154899
   1.0002126026311
   1.0002429119845
   1.0002650349134
   1.0002753940361
   1.0002720961405
   1.0002553952724
   1.0002276130713
   1.0001925491326
   1.0001545848510
   1.0001177676956
   1.0000851316237
   1.0000583907250
   1.0000379991945
   1.0000234625856
   1.0000137449809
   1.0000076397045
   1.0000040287603
   1.0000020157081
   1.0000009568513
   1.0000004309446
   1.0000001841443
   1.0000000746543
   1.0000000287151
   1.0000000104791
   1.0000000036283
   1.0000000011919
   1.0000000003715
   1.0000000001098
   1.0000000000308
   1.0000000000155
   1.0000000000365
   1.0000000000826
   1.0000000001796
   1.0000000003756
   1.0000000007550
   1.0000000014589
   1.0000000027103
   1.0000000048403
   1.0000000083107
   1.0000000137190
   1.0000000217762
   1.0000000332423
   1.0000000488197
   1.0000000690157
   1.0000000940164
   1.0000001236403
   1.0000001574710
   1.0000001952841
   1.0000002378735
   1.0000002883447
   1.0000003538548
   1.0000004476396
   1.0000005909831
   1.0000008145550
   1.0000011583432
   1.0000016693084
   1.0000023960410
   1.0000033802109
   1.0000046455264
   1.0000061861530
   1.0000079578007
   1.0000098755243
   1.0000118222447
   1.0000136707595
   1.0000153194847
   1.0000167385254
   1.0000180182557
   1.0000194079706
   1.0000213283863
   1.0000243406784
   1.0000290590308
   1.0000360058699
   1.0000454292700
   1.0000571259365
   1.0000703307841
   1.0000837331167
   1.0000956518059
   1.0001043511038
   1.0001084222653
   1.0001071194399
   1.0001005420722
   1.0000896036045
   1.0000757993882
   1.0000608539070
   1.0000463602815
   1.0000335127253
   1.0000229859264
   1.0000149586391
   1.0000092361986
   1.0000054107981
   1.0000030074167
   1.0000015859460
   1.0000007934956
   1.0000003766702
   1.0000001696439
   1.0000000724895
   1.0000000293881
   1.0000000113039
   1.0000000041252
   1.0000000014283
   1.0000000004692
   1.0000000001462
   1.0000000000432
   1.0000000000121
   1.0000000000053
   1.0000000000124
   1.0000000000280
   1.0000000000609
   1.0000000001273
   1.0000000002559
   1.0000000004944
   1.0000000009185
   1.0000000016404
   1.0000000028166
   1.0000000046498
   1.0000000073811
   1.0000000112690
   1.0000000165533
   1.0000000234103
   1.0000000319128
   1.0000000420200
   1.0000000536324
   1.0000000667547
   1.0000000818037
   1.0000001000900
   1.0000001244649
   1.0000001600786
   1.0000002151197
   1.0000003013206
   1.0000004339344
   1.0000006308489
   1.0000009105568
   1.0000012888994
   1.0000017748517
   1.0000023660912
   1.0000030455757
   1.0000037806731
   1.0000045263702
   1.0000052336110
   1.0000058628446
   1.0000064014796
   1.0000068822672
   1.0000073979105
   1.0000081057982
   1.0000092163811
   1.0000109603495
   1.0000135343491
   1.0000170325698
   1.0000213804650
   1.0000262934107
   1.0000312827108
   1.0000357210241
   1.0000389603316
   1.0000404744813
   1.0000399846572
   1.0000375275351
   1.0000334436504
   1.0000282907991
   1.0000227123746
   1.0000173028121
   1.0000125077204
   1.0000085788484
   1.0000055828778
   1.0000034471380
   1.0000020194184
   1.0000011224275
   1.0000005919062
   1.0000002961481
   1.0000001405807
   1.0000000633144
   1.0000000270545
   1.0000000109682
   1.0000000042188
   1.0000000015396
   1.0000000005331
   1.0000000001751
   1.0000000000546
   1.0000000000161
   1.0000000000045
