883
0.0000000000000000        110.26614244788686       -8.4350962960073836        0.0000000000000000     
1.1762845608148369E-003   109.99875660185442       -8.1839128721925256        0.0000000000000000     
2.4108980951375687E-003   109.66236692766209       -7.9965388663155847        0.0000000000000000     
3.7134713357267553E-003   109.27740692221920       -7.8667510122369038        0.0000000000000000     
5.0645388682376549E-003   108.86558294827768       -7.7775459652374739        0.0000000000000000     
6.4373423063537613E-003   108.44330711827135       -7.7068448651833821        0.0000000000000000     
7.8082361319637833E-003   108.02187431901569       -7.6347319167521110        0.0000000000000000     
9.1531482732340429E-003   107.61138277517367       -7.5484821178495416        0.0000000000000000     
1.0444634291321682E-002   107.22249262149001       -7.4435728996876032        0.0000000000000000     
1.1658213529083666E-002   106.86408976452610       -7.3218956038489367        0.0000000000000000     
1.2777651279914775E-002   106.54113635137026       -7.1892490102834028        0.0000000000000000     
1.3786292546072238E-002   106.25782482298575       -7.0525239752135516        0.0000000000000000     
1.4652559705775029E-002   106.02455510309564       -6.9162188759512322        0.0000000000000000     
1.5335865322414674E-002   105.86069826953594       -6.7799569331811806        0.0000000000000000     
1.5841521529366055E-002   105.78769163271734       -6.6401677033470108        0.0000000000000000     
1.6312747577595210E-002   105.81695254911949       -6.4961428107922261        0.0000000000000000     
1.6917566607870367E-002   105.94265495352087       -6.3554973112962241        0.0000000000000000     
1.7673698922733166E-002   106.14434332035771       -6.2332883387792437        0.0000000000000000     
1.8528361876185475E-002   106.39579252047645       -6.1448313362109266        0.0000000000000000     
1.9432128230871176E-002   106.67381782949438       -6.0984405679255662        0.0000000000000000     
2.0361370448215867E-002   106.96359599690057       -6.0938481149016690        0.0000000000000000     
2.1316589251835275E-002   107.25977117516260       -6.1260090867277839        0.0000000000000000     
2.2312390029015691E-002   107.56378738078671       -6.1894893705723906        0.0000000000000000     
2.3364858516042666E-002   107.87947890055656       -6.2794046507362982        0.0000000000000000     
2.4480742750704245E-002   108.20999118786077       -6.3884138575670262        0.0000000000000000     
2.5651246794430635E-002   108.55701511476926       -6.5017415034190780        0.0000000000000000     
2.6850191458522073E-002   108.91981608043756       -6.5922907341782064        0.0000000000000000     
2.8044680941582460E-002   109.29151616023846       -6.6173014956007838        0.0000000000000000     
2.9249163466014940E-002   109.65436615831470       -6.5200480017348728        0.0000000000000000     
3.0616774933426946E-002   109.97923744033946       -6.2436602519270270        0.0000000000000000     
3.2368411760896283E-002   110.23275942415503       -5.7597429361937138        0.0000000000000000     
3.4551622161052342E-002   110.38982307733315       -5.0971998562447478        0.0000000000000000     
3.6973406763019370E-002   110.44456983980503       -4.3438738734719049        0.0000000000000000     
3.9330283764564426E-002   110.41298020037756       -3.6094838472292117        0.0000000000000000     
4.1386041606381124E-002   110.32489836293708       -2.9744077317849973        0.0000000000000000     
4.3063676878702266E-002   110.21009430806066       -2.4639326217889357        0.0000000000000000     
4.4412685385171562E-002   110.08712148691637       -2.0615727933879242        0.0000000000000000     
4.5522699472433259E-002   109.96147382546218       -1.7389847126108582        0.0000000000000000     
4.6468399497047820E-002   109.83214349050897       -1.4739042166729326        0.0000000000000000     
4.7303601725792704E-002   109.69955788124898       -1.2496865771824712        0.0000000000000000     
4.8072947279838067E-002   109.56848914346601       -1.0487018621307764        0.0000000000000000     
4.8820827810772530E-002   109.44552959938498      -0.85049244428576753        0.0000000000000000     
4.9595837087833688E-002   109.33563897519274      -0.63520489580029871        0.0000000000000000     
5.0443570974477249E-002   109.24180724803352      -0.38802168442801577        0.0000000000000000     
5.1389971329629143E-002   109.16790811751031      -0.10225636725168424        0.0000000000000000     
5.2429915804338124E-002   109.12183682596941       0.21879551074909395        0.0000000000000000     
5.3527511478931394E-002   109.11596396457300       0.56106621370925125        0.0000000000000000     
5.4628877643787203E-002   109.16375034003639       0.90122305278200709        0.0000000000000000     
5.5691856725306493E-002   109.27349074369451        1.2140580183801726        0.0000000000000000     
5.6729582772967316E-002   109.44136174490023        1.4907670035276783        0.0000000000000000     
5.7832737463797877E-002   109.64567617965936        1.7675870680162913        0.0000000000000000     
5.9207172832789735E-002   109.84394424385920        2.1476415265633992        0.0000000000000000     
6.1287971425613236E-002   109.97610488506965        2.7830069323846951        0.0000000000000000     
6.4540283396778378E-002   109.97879240137433        3.7973431562883642        0.0000000000000000     
6.9015876419884950E-002   109.81021563169563        5.1829862934449835        0.0000000000000000     
7.4173057816193169E-002   109.47319723832109        6.7557175454085581        0.0000000000000000     
7.9107561158545392E-002   109.01827060461071        8.2259284505324057        0.0000000000000000     
8.3039694050462076E-002   108.52118424856384        9.3470324601806958        0.0000000000000000     
8.5696561623474221E-002   108.05024770511351        10.028830146958200        0.0000000000000000     
8.7329991860562575E-002   107.64577995501890        10.338561533151506        0.0000000000000000     
8.8403296533273390E-002   107.31982761833143        10.414780846900971        0.0000000000000000     
8.9222193479989942E-002   107.06708613624382        10.378027760848848        0.0000000000000000     
8.9894893733961548E-002   106.87474858987932        10.294219633944596        0.0000000000000000     
9.0481982641457598E-002   106.72689701291711        10.186207736887576        0.0000000000000000     
9.1043831655499688E-002   106.60566967961253        10.059677782597543        0.0000000000000000     
9.1622633237087900E-002   106.49229011608857        9.9192075309063270        0.0000000000000000     
9.2240326482875210E-002   106.36932817157850        9.7709053211716643        0.0000000000000000     
9.2913684683494688E-002   106.22387624998893        9.6194212666295922        0.0000000000000000     
9.3653229156329898E-002   106.05029579971713        9.4675339270485050        0.0000000000000000     
9.4444854035958897E-002   105.85141746062973        9.3212325303042505        0.0000000000000000     
9.5237020600389313E-002   105.63804948883876        9.1966763131975142        0.0000000000000000     
9.5956341492123898E-002   105.42666604424620        9.1215288018838123        0.0000000000000000     
9.6572836844881008E-002   105.23443533762483        9.1256193957004168        0.0000000000000000     
9.7183105007542236E-002   105.07182160719145        9.2245288104522434        0.0000000000000000     
9.7913614711152216E-002   104.93625434445295        9.4076395472422689        0.0000000000000000     
9.8760392352785262E-002   104.81198496412506        9.6406705314380741        0.0000000000000000     
9.9644213272473137E-002   104.67787635367250        9.8814960762431490        0.0000000000000000     
0.10050539041438915        104.51878809463234        10.097897307622153        0.0000000000000000     
0.10133137124773023        104.33326041914597        10.276620388416660        0.0000000000000000     
0.10212484571630510        104.13292769919606        10.421908621222547        0.0000000000000000     
0.10287874390780370        103.93465029143267        10.548285627021627        0.0000000000000000     
0.10359108072175136        103.75061686130687        10.672741295797852        0.0000000000000000     
0.10428565523479374        103.58251796185056        10.809377605466555        0.0000000000000000     
0.10500621945479388        103.42286725162543        10.967541757155539        0.0000000000000000     
0.10579250417673183        103.26118504067858        11.151921591880473        0.0000000000000000     
0.10666237935757572        103.08933650764283        11.361853085611848        0.0000000000000000     
0.10760765336561456        102.90229032024791        11.589733248456668        0.0000000000000000     
0.10860330956226454        102.69582547767935        11.821681220460517        0.0000000000000000     
0.10962544947207856        102.46561186128616        12.042197234692765        0.0000000000000000     
0.11066224762409541        102.21006074679873        12.240325785716163        0.0000000000000000     
0.11170492097473640        101.93488562170474        12.413612636944388        0.0000000000000000     
0.11273150776713295        101.65445567460603        12.568114569056196        0.0000000000000000     
0.11370945272853096        101.38650174417424        12.713813544100331        0.0000000000000000     
0.11461388031310221        101.14258819323612        12.855491543746375        0.0000000000000000     
0.11542971290931829        100.92230952156511        12.982845719378080        0.0000000000000000     
0.11614119886291485        100.71729112740142        13.067740559391623        0.0000000000000000     
0.11676948109545279        100.52143665862224        13.073869681451669        0.0000000000000000     
0.11744180649900118        100.33684630826784        12.974396599150905        0.0000000000000000     
0.11829924235739250        100.16968103852224        12.765664938744637        0.0000000000000000     
0.11936552710634186        100.02164491351085        12.467875362696766        0.0000000000000000     
0.12057985406993278        99.886921379752451        12.113920382685841        0.0000000000000000     
0.12186267767386755        99.757386108863443        11.735379769366551        0.0000000000000000     
0.12315142498090022        99.630497343157899        11.353996272943931        0.0000000000000000     
0.12440554678178714        99.513401663918643        10.980796300595731        0.0000000000000000     
0.12559926690104942        99.421481517602970        10.620021511241056        0.0000000000000000     
0.12672019649460364        99.373101118796384        10.273786809449053        0.0000000000000000     
0.12777749150234921        99.382810275612357        9.9441777737795150        0.0000000000000000     
0.12880695121687699        99.455276868337833        9.6313919678556648        0.0000000000000000     
0.12985634178181027        99.582789950871700        9.3299669733321196        0.0000000000000000     
0.13096091229097453        99.748492854190005        9.0279399427051494        0.0000000000000000     
0.13213637971009720        99.934448287204916        8.7119938187239399        0.0000000000000000     
0.13338337515856247        100.13014580442608        8.3759010345080203        0.0000000000000000     
0.13468619519088698        100.33631083600028        8.0257616098157492        0.0000000000000000     
0.13601653297596589        100.56187612535082        7.6775231248657985        0.0000000000000000     
0.13735198874541935        100.81652561388501        7.3479317211198225        0.0000000000000000     
0.13869122263597061        101.10387185470105        7.0447948804696150        0.0000000000000000     
0.14004710417225938        101.41914685783262        6.7629691190313439        0.0000000000000000     
0.14142952205197529        101.75135906239029        6.4881468697781246        0.0000000000000000     
0.14283759332900658        102.08664566397191        6.2045304132659025        0.0000000000000000     
0.14426066829152401        102.40991413344003        5.9004173924515513        0.0000000000000000     
0.14568301014443166        102.70514789974186        5.5693262435573043        0.0000000000000000     
0.14709323609755964        102.95720081048917        5.2088884424183011        0.0000000000000000     
0.14849354226477501        103.15665811343995        4.8203643576476889        0.0000000000000000     
0.14989595946424489        103.30548470457126        4.4090732901325218        0.0000000000000000     
0.15130545906470050        103.41862333615887        3.9842833343556938        0.0000000000000000     
0.15270993702283253        103.51832208141137        3.5577478687313433        0.0000000000000000     
0.15408563962620070        103.62291927460473        3.1416348559165259        0.0000000000000000     
0.15540072099720470        103.73625138256541        2.7474524570429582        0.0000000000000000     
0.15660717256335152        103.84413737905894        2.3869795151846267        0.0000000000000000     
0.15763914332222007        103.92007060532724        2.0742111988620584        0.0000000000000000     
0.15843793060754593        103.93646333022663        1.8256231862299002        0.0000000000000000     
0.15901356359008079        103.87484991066562        1.6569969938416680        0.0000000000000000     
0.15954133588507716        103.73032008962528        1.5782233215910604        0.0000000000000000     
0.16024838755846207        103.51009073123399        1.5894862395435017        0.0000000000000000     
0.16119483590752418        103.22947840696365        1.6810747652857341        0.0000000000000000     
0.16233874907716891        102.90837903834945        1.8365665011566010        0.0000000000000000     
0.16360370644434039        102.56896038169756        2.0376626543737957        0.0000000000000000     
0.16491015057918643        102.23336045658169        2.2687343822394004        0.0000000000000000     
0.16619636293583676        101.92025147952222        2.5194971659728984        0.0000000000000000     
0.16743238250563353        101.64088695157844        2.7851292247050723        0.0000000000000000     
0.16862095030378810        101.39717526795914        3.0644470453355783        0.0000000000000000     
0.16978307652509320        101.18411934961135        3.3576620440335767        0.0000000000000000     
0.17093953369934911        100.99561679625793        3.6651618070882419        0.0000000000000000     
0.17210354113186460        100.82901177149573        3.9877083581398756        0.0000000000000000     
0.17328585264245350        100.68450716915164        4.3269567054017974        0.0000000000000000     
0.17449906796392045        100.56057676250003        4.6844665958765273        0.0000000000000000     
0.17574979609287525        100.45032268025517        5.0586414090191862        0.0000000000000000     
0.17702583892438745        100.34229098300531        5.4416737576360488        0.0000000000000000     
0.17829526183411731        100.22487753467753        5.8197737714715370        0.0000000000000000     
0.17952052012460773        100.09083742188670        6.1776310267416843        0.0000000000000000     
0.18067472383371594        99.939161794627438        6.5040928660174604        0.0000000000000000     
0.18174693591328836        99.773989324391849        6.7948579682514181        0.0000000000000000     
0.18273660435110181        99.602000653358587        7.0511608537644843        0.0000000000000000     
0.18364711064371880        99.429938219832735        7.2770682031765324        0.0000000000000000     
0.18448331271085813        99.263174205242848        7.4775795735579642        0.0000000000000000     
0.18524798645316673        99.105643458138445        7.6566349494931174        0.0000000000000000     
0.18593350229050165        98.960848393536679        7.8139405472282997        0.0000000000000000     
0.18651685570641979        98.832671998075796        7.9430613632490825        0.0000000000000000     
0.18697101751713607        98.724517949615944        8.0345275627871207        0.0000000000000000     
0.18729251250957857        98.636985003967467        8.0834335932313550        0.0000000000000000     
0.18752260166404114        98.566412174338694        8.0964371088177742        0.0000000000000000     
0.18771506002049265        98.506441609663980        8.0938947863594723        0.0000000000000000     
0.18789412705557540        98.452054872567743        8.1065861844882221        0.0000000000000000     
0.18814576395802249        98.403147474199443        8.1679650402502872        0.0000000000000000     
0.18859698486067994        98.364905025964035        8.3033972415646726        0.0000000000000000     
0.18929678712924528        98.344567683587570        8.5207038576114673        0.0000000000000000     
0.19021867995258224        98.346638136949252        8.8082188102126437        0.0000000000000000     
0.19129192205779205        98.369668584016651        9.1421512049022624        0.0000000000000000     
0.19243749669895527        98.406823737459277        9.4974989068447400        0.0000000000000000     
0.19359180810436025        98.449716187319481        9.8549443564982742        0.0000000000000000     
0.19471219585884961        98.492275034695083        10.201772480092179        0.0000000000000000     
0.19577272196551626        98.531363178890075        10.530214430058297        0.0000000000000000     
0.19675928041398277        98.564262997736705        10.836140962553795        0.0000000000000000     
0.19766581169540087        98.586635454413454        11.117985817957102        0.0000000000000000     
0.19849129988480513        98.593854708398950        11.375340052747854        0.0000000000000000     
0.19923800995699459        98.584393185866460        11.608033716306334        0.0000000000000000     
0.19990962225046668        98.561572399377042        11.816251105805181        0.0000000000000000     
0.20050907718586714        98.532293070705464        12.000903801629370        0.0000000000000000     
0.20103946037176715        98.504531206730988        12.163974866978531        0.0000000000000000     
0.20151171374090443        98.485026703624769        12.309965365264834        0.0000000000000000     
0.20195648798758575        98.476518588771668        12.448421585841391        0.0000000000000000     
0.20242430327136454        98.474723798514404        12.594314032327796        0.0000000000000000     
0.20296577233553448        98.468143060119985        12.763060588648617        0.0000000000000000     
0.20361058320073483        98.443146412367355        12.962606389171869        0.0000000000000000     
0.20435889252994857        98.391620548936032        13.190232208476687        0.0000000000000000     
0.20519240993100940        98.315005352168853        13.438645428534919        0.0000000000000000     
0.20610032086902197        98.221695249921879        13.705991221218063        0.0000000000000000     
0.20709438973522953        98.121012249545487        13.999220331298867        0.0000000000000000     
0.20819437498334881        98.019137865421669        14.326811739657639        0.0000000000000000     
0.20939549580596709        97.918944700847675        14.687773055579214        0.0000000000000000     
0.21065057211106505        97.821524865523941        15.066893037424430        0.0000000000000000     
0.21188401724303524        97.726768898986450        15.439730588327274        0.0000000000000000     
0.21302531451250020        97.632798621554912        15.783053465450889        0.0000000000000000     
0.21403727622318913        97.535897963652999        16.083423302271271        0.0000000000000000     
0.21491958398368938        97.432052321928410        16.338253040182487        0.0000000000000000     
0.21568533499992878        97.319228910247233        16.548747721346444        0.0000000000000000     
0.21633398525477013        97.198172051421977        16.710833046147769        0.0000000000000000     
0.21685834037848395        97.070372698454833        16.812871118912192        0.0000000000000000     
0.21730417608931427        96.934651392373070        16.843106778673096        0.0000000000000000     
0.21780137228565558        96.785663312700251        16.800115028685433        0.0000000000000000     
0.21843827270691665        96.616125480417224        16.696606271468617        0.0000000000000000     
0.21921270783389055        96.421102322381827        16.554113772681777        0.0000000000000000     
0.22008337869412808        96.201156160988049        16.394860677221764        0.0000000000000000     
0.22099876997608997        95.962749922113275        16.237794822135470        0.0000000000000000     
0.22190534741415469        95.716376833914254        16.099066702958964        0.0000000000000000     
0.22275602275598316        95.473516764820488        15.992254415151788        0.0000000000000000     
0.22352311253271601        95.243610391087259        15.926074339485597        0.0000000000000000     
0.22420367539556360        95.032638674297175        15.902762382008380        0.0000000000000000     
0.22481014227010396        94.844361950245400        15.920880873625610        0.0000000000000000     
0.22536205457807112        94.683120229246470        15.981134466746521        0.0000000000000000     
0.22589967979258502        94.555274744308747        16.089627651333764        0.0000000000000000     
0.22650056557739090        94.467136747972233        16.255014029368020        0.0000000000000000     
0.22724259478903733        94.420182559253959        16.481626752153524        0.0000000000000000     
0.22814863011787703        94.406988671918100        16.763895293374045        0.0000000000000000     
0.22918085240137076        94.411464288276306        17.085796436520933        0.0000000000000000     
0.23026924576691091        94.414235924215518        17.425236164295320        0.0000000000000000     
0.23134495270595035        94.400224654868140        17.760437826413501        0.0000000000000000     
0.23236005730326131        94.363609022574991        18.074906852804659        0.0000000000000000     
0.23328839274684743        94.307281904263789        18.358906658197611        0.0000000000000000     
0.23411603582405219        94.238102747220722        18.607591344154308        0.0000000000000000     
0.23483256940985298        94.162179747957552        18.817773439954756        0.0000000000000000     
0.23542686032918431        94.083697593523453        18.985686573705635        0.0000000000000000     
0.23588709605252081        94.007054650377995        19.107051570069629        0.0000000000000000     
0.23620683927592781        93.938516067987763        19.179487850283643        0.0000000000000000     
0.23640216145382098        93.883927610884470        19.206525877983189        0.0000000000000000     
0.23653168686408771        93.843870413103588        19.201299320557212        0.0000000000000000     
0.23664416888044548        93.812150901664978        19.186313904257069        0.0000000000000000     
0.23674300787286948        93.781324896064461        19.186414630021936        0.0000000000000000     
0.23688295942706444        93.750682053160631        19.217498464793731        0.0000000000000000     
0.23709485624880802        93.727396007750656        19.279347029538584        0.0000000000000000     
0.23735271554649617        93.717862837138227        19.359201851309709        0.0000000000000000     
0.23762157496475064        93.717561313334713        19.443053905959900        0.0000000000000000     
0.23788348800064765        93.710422452393232        19.524427502407150        0.0000000000000000     
0.23815797406018116        93.678976460125540        19.604050268324453        0.0000000000000000     
0.23848363010965243        93.615752850519385        19.683539422042855        0.0000000000000000     
0.23886328732056478        93.526268981759216        19.761084327661553        0.0000000000000000     
0.23926779622661185        93.422823994752775        19.833301427048788        0.0000000000000000     
0.23967346712225299        93.315653323293674        19.900548692363856        0.0000000000000000     
0.24008455955292310        93.207827659655464        19.969917991827366        0.0000000000000000     
0.24053215117000876        93.095630845029518        20.052977842596828        0.0000000000000000     
0.24105667835840641        92.972480257135345        20.160662245466529        0.0000000000000000     
0.24168724046256526        92.833562784850187        20.299865846459724        0.0000000000000000     
0.24243272539445346        92.678951210242175        20.473512893684322        0.0000000000000000     
0.24328573191549172        92.513881077631538        20.682146660978809        0.0000000000000000     
0.24423093577760502        92.346059842900118        20.924507505577665        0.0000000000000000     
0.24525013399158985        92.181292020521667        21.196340313781477        0.0000000000000000     
0.24631984045340996        92.019743519940164        21.488241556936082        0.0000000000000000     
0.24740582101813866        91.855283369878563        21.784332007517193        0.0000000000000000     
0.24846476012180649        91.679241605308704        22.063767357428929        0.0000000000000000     
0.24945314262332605        91.487467513290568        22.305110571689202        0.0000000000000000     
0.25032946740835482        91.286552225134201        22.490398699313150        0.0000000000000000     
0.25104984796450902        91.093926981606643        22.606044801902307        0.0000000000000000     
0.25158953066111023        90.929657148911474        22.642736299450824        0.0000000000000000     
0.25201551426854374        90.804129164708840        22.599219821562720        0.0000000000000000     
0.25247910103423998        90.710288634153144        22.489225795429299        0.0000000000000000     
0.25301901886799549        90.626646058771868        22.343077048898685        0.0000000000000000     
0.25358034350255426        90.529090095757056        22.197710476945915        0.0000000000000000     
0.25413234031876375        90.402948982083615        22.080548700529082        0.0000000000000000     
0.25469361860621426        90.247632547792961        21.999800013489732        0.0000000000000000     
0.25527863759460934        90.072813579274609        21.947560262441883        0.0000000000000000     
0.25587405793122864        89.890858863952118        21.910446228617111        0.0000000000000000     
0.25645979544836839        89.711027007550797        21.878306018132267        0.0000000000000000     
0.25702387430968349        89.537941540182672        21.846817459242494        0.0000000000000000     
0.25756055237854109        89.373371617551655        21.816272336404591        0.0000000000000000     
0.25806348180297467        89.218737608020120        21.789970105834463        0.0000000000000000     
0.25852344542385841        89.076330872835484        21.772662033761272        0.0000000000000000     
0.25893269928658058        88.948789328342755        21.767670243210382        0.0000000000000000     
0.25929000536883012        88.837494710910931        21.773313140659084        0.0000000000000000     
0.25960100790098994        88.740910044508780        21.782239800047151        0.0000000000000000     
0.25988027444022388        88.653898179347038        21.786121318265145        0.0000000000000000     
0.26015373353042276        88.568690184875351        21.782447566471006        0.0000000000000000     
0.26044857504299351        88.476938797215084        21.776317165046777        0.0000000000000000     
0.26078822994988682        88.371033778044563        21.773905107071315        0.0000000000000000     
0.26119658288306319        88.243680880006366        21.772742079426063        0.0000000000000000     
0.26169909248051287        88.087670149523632        21.757806310675349        0.0000000000000000     
0.26232587847408817        87.898845974845983        21.707216716512633        0.0000000000000000     
0.26309943629389398        87.681371675785229        21.602761111020797        0.0000000000000000     
0.26401300116441145        87.449213236680194        21.437580147405939        0.0000000000000000     
0.26503383904928851        87.219010079438945        21.217640639879818        0.0000000000000000     
0.26612527532380648        86.998040068247434        20.958711181462405        0.0000000000000000     
0.26726104960685776        86.777676959651927        20.681370577147312        0.0000000000000000     
0.26843140020083772        86.539095234892002        20.405123257246640        0.0000000000000000     
0.26964316687343376        86.267084920421212        20.142748050593063        0.0000000000000000     
0.27090197986714321        85.960826313765082        19.897102012657605        0.0000000000000000     
0.27219340812857751        85.633733920846211        19.662075309332735        0.0000000000000000     
0.27349210604649021        85.303819180017769        19.427097028479395        0.0000000000000000     
0.27478609565085488        84.982692092038974        19.182661926194687        0.0000000000000000     
0.27608522353686393        84.670702338586779        18.924147763734979        0.0000000000000000     
0.27740867930132712        84.359965568857518        18.652456946078246        0.0000000000000000     
0.27876937351996833        84.041581315683857        18.371873135317220        0.0000000000000000     
0.28016641339740506        83.711884848455469        18.087012359085378        0.0000000000000000     
0.28158448572748795        83.374536206293101        17.801004325202424        0.0000000000000000     
0.28299886529572510        83.037940288749553        17.515889472464046        0.0000000000000000     
0.28438529051583022        82.709683643430964        17.234430630466669        0.0000000000000000     
0.28572950789539381        82.391580967333283        16.961353184720522        0.0000000000000000     
0.28703024246775388        82.079287451397391        16.702420269803227        0.0000000000000000     
0.28829415177705747        81.767305610726652        16.461475852979405        0.0000000000000000     
0.28952604830891548        81.455515393276414        16.236971889520809        0.0000000000000000     
0.29072270706401671        81.152233904200074        16.019460109290982        0.0000000000000000     
0.29188041777706364        80.872437985432725        15.791237118443270        0.0000000000000000     
0.29301696163808683        80.633235963344688        15.529645446078147        0.0000000000000000     
0.29418837932817943        80.448430857514126        15.214488400736332        0.0000000000000000     
0.29546566679553565        80.322819646643907        14.836446637484848        0.0000000000000000     
0.29688245492464116        80.248108268779703        14.400936827628213        0.0000000000000000     
0.29841640824770044        80.203970948110211        13.924563703734396        0.0000000000000000     
0.30001641924544797        80.165728058849453        13.427015541867583        0.0000000000000000     
0.30163696367201742        80.114797987781429        12.924168402551707        0.0000000000000000     
0.30324902350337463        80.044703467598609        12.426304970969163        0.0000000000000000     
0.30482889398033580        79.958262320083406        11.941212234758035        0.0000000000000000     
0.30634685059616529        79.859062170718715        11.478297581531180        0.0000000000000000     
0.30777097474326215        79.745388547846787        11.048930476083912        0.0000000000000000     
0.30908455404972657        79.611695512027509        10.661675990452860        0.0000000000000000     
0.31030008492944089        79.454343162886204        10.316771152391526        0.0000000000000000     
0.31145249189464064        79.274257206961963        10.005726543290363        0.0000000000000000     
0.31257964016768963        79.074028957630631        9.7167842771765578        0.0000000000000000     
0.31370944578985410        78.853987250428034        9.4415679710744573        0.0000000000000000     
0.31485354174856317        78.611986330041674        9.1793491314108184        0.0000000000000000     
0.31600087955654121        78.346261647123711        8.9396907646399093        0.0000000000000000     
0.31711784074396732        78.057968599391756        8.7441341182071213        0.0000000000000000     
0.31817108140925260        77.752326811476806        8.6237715351295368        0.0000000000000000     
0.31917615792213921        77.439168822662978        8.6098797419061288        0.0000000000000000     
0.32022297340157141        77.132229234048609        8.7211435879414072        0.0000000000000000     
0.32141041261474101        76.845577460859033        8.9556297418961694        0.0000000000000000     
0.32276975022438781        76.588070425651523        9.2924189981918381        0.0000000000000000     
0.32426932494092009        76.359448992006463        9.7004232541452620        0.0000000000000000     
0.32585308926266049        76.150942354653736        10.148206982153230        0.0000000000000000     
0.32746997762923646        75.949974546408129        10.610710751054770        0.0000000000000000     
0.32908820959725710        75.746172836535905        11.072430869173608        0.0000000000000000     
0.33069708683986843        75.535653805067852        11.527915073697722        0.0000000000000000     
0.33229989260934406        75.321676336077985        11.979690481961871        0.0000000000000000     
0.33390354126722011        75.111495490973695        12.433534377240729        0.0000000000000000     
0.33550908314960010        74.911313381501358        12.892520631930168        0.0000000000000000     
0.33710485660960898        74.722548066706963        13.353028049439487        0.0000000000000000     
0.33866705952957754        74.541808820103370        13.805488642576446        0.0000000000000000     
0.34017115566891015        74.364144788756349        14.239645004459462        0.0000000000000000     
0.34160708706500570        74.186717569564934        14.650841017720136        0.0000000000000000     
0.34298646393662724        74.010315054300250        15.043215109157716        0.0000000000000000     
0.34433755621427653        73.838474362923080        15.427966726118242        0.0000000000000000     
0.34569267384718838        73.675671551618620        15.817989661207678        0.0000000000000000     
0.34707413053581632        73.525761901860065        16.221921466954022        0.0000000000000000     
0.34848375699617101        73.391035601252909        16.640407389971649        0.0000000000000000     
0.34989963526005918        73.272181510570803        17.065699747294943        0.0000000000000000     
0.35128048871603584        73.169251285202677        17.483882831144523        0.0000000000000000     
0.35257595675145031        73.082617339999530        17.878519462235889        0.0000000000000000     
0.35374233158133361        73.012486707605262        18.235467418616668        0.0000000000000000     
0.35476268149548223        72.957230840192338        18.548862989876760        0.0000000000000000     
0.35566313368341840        72.912765150915561        18.826155884403335        0.0000000000000000     
0.35651131600006669        72.874398764309632        19.087892255216119        0.0000000000000000     
0.35739047642921951        72.839496716102744        19.359856770709666        0.0000000000000000     
0.35836153481253724        72.807939557487515        19.661064474207507        0.0000000000000000     
0.35943669015039365        72.779800283781555        19.995204036929529        0.0000000000000000     
0.36057985640629736        72.752991471620945        20.350728451111010        0.0000000000000000     
0.36172903941205431        72.723627082325535        20.707933799587785        0.0000000000000000     
0.36282037353904639        72.688427116516152        21.046476979614919        0.0000000000000000     
0.36379624044599690        72.645944682947771        21.347853506775820        0.0000000000000000     
0.36459898388623746        72.594861334712164        21.592948409732184        0.0000000000000000     
0.36517244704976437        72.531072903197099        21.760039743876405        0.0000000000000000     
0.36552245864311139        72.446404001630725        21.828942867881977        0.0000000000000000     
0.36591555809161708        72.329685314910606        21.791423119851281        0.0000000000000000     
0.36657872479635467        72.169020032930973        21.661171810950435        0.0000000000000000     
0.36748851353554890        71.954632591641612        21.475293933213621        0.0000000000000000     
0.36855280584769967        71.682581145413820        21.285113970988753        0.0000000000000000     
0.36969001911222493        71.358322777956161        21.141404633584230        0.0000000000000000     
0.37086282772444384        70.997518294686515        21.081286583520974        0.0000000000000000     
0.37207039966780753        70.622984329665996        21.120878493967904        0.0000000000000000     
0.37330913254275710        70.260306808098193        21.254006610608517        0.0000000000000000     
0.37453522449207444        69.935531125585555        21.455868208399629        0.0000000000000000     
0.37566016606002905        69.674805504768926        21.690639861446702        0.0000000000000000     
0.37658548931494129        69.502098528964936        21.921849324680316        0.0000000000000000     
0.37726866498839928        69.432111935404819        22.123097886885482        0.0000000000000000     
0.37779566416063409        69.460652820803745        22.284962822111378        0.0000000000000000     
0.37831529304616501        69.558672931653575        22.414023099598438        0.0000000000000000     
0.37883009532380330        69.675389407820688        22.524277843158369        0.0000000000000000     
0.37924136666329183        69.751685265983014        22.627388108149272        0.0000000000000000     
0.37957032750074826        69.740000072033382        22.729317688562304        0.0000000000000000     
0.38007531258078175        69.622506320690022        22.834199719722836        0.0000000000000000     
0.38082700664217223        69.417781582908859        22.948436598725515        0.0000000000000000     
0.38172184570514689        69.170798700926369        23.078389613576054        0.0000000000000000     
0.38262002736201672        68.931033793576731        23.223248497668816        0.0000000000000000     
0.38341618783854231        68.731499405920019        23.371043022599554        0.0000000000000000     
0.38406008921582840        68.580288109597575        23.503196322777598        0.0000000000000000     
0.38454943578086193        68.466491153978055        23.604895518952009        0.0000000000000000     
0.38492227572341525        68.372529904895202        23.673399986028176        0.0000000000000000     
0.38524348085895482        68.283087815868342        23.718519919709820        0.0000000000000000     
0.38557373007343793        68.187201205721777        23.756130480608849        0.0000000000000000     
0.38595412437889509        68.077238117843493        23.800663484863129        0.0000000000000000     
0.38640860270606103        67.949390357895666        23.861870422159420        0.0000000000000000     
0.38694279962138178        67.805575250210921        23.945983618017035        0.0000000000000000     
0.38754841314852456        67.652997465602638        24.057320110281474        0.0000000000000000     
0.38821495778998544        67.499490147117868        24.197502665884855        0.0000000000000000     
0.38893676882465167        67.347508392378970        24.363577118267088        0.0000000000000000     
0.38971077585452019        67.191398510596315        24.547705796007605        0.0000000000000000     
0.39053431048131826        67.019391235859814        24.738450290836411        0.0000000000000000     
0.39140772669162299        66.817799515086591        24.921656146835442        0.0000000000000000     
0.39233956649514728        66.574797943775749        25.081070548865462        0.0000000000000000     
0.39334906493832716        66.283892611100384        25.201492780255272        0.0000000000000000     
0.39445234535632256        65.947773136662519        25.275143435643766        0.0000000000000000     
0.39563475826638195        65.580354055033041        25.306727663400281        0.0000000000000000     
0.39684432861245739        65.203141169155828        25.311576196405866        0.0000000000000000     
0.39802290778844124        64.835592270440046        25.306916420573614        0.0000000000000000     
0.39914661571888282        64.485151290195233        25.302809501930646        0.0000000000000000     
0.40023869956604102        64.144565582858206        25.299473938296536        0.0000000000000000     
0.40134674714572482        63.799072093947899        25.291703829785021        0.0000000000000000     
0.40250538690199023        63.438079092740480        25.275429046645307        0.0000000000000000     
0.40371274941660579        63.062293810284125        25.251357560337141        0.0000000000000000     
0.40493685012961450        62.681449936562352        25.224698290045858        0.0000000000000000     
0.40614262805886292        62.306014554307509        25.203010921158963        0.0000000000000000     
0.40731451494766002        61.940638054719976        25.193853913652841        0.0000000000000000     
0.40845887360230521        61.583834291546488        25.202381281255320        0.0000000000000000     
0.40959144135091047        61.231622863922944        25.229164108225049        0.0000000000000000     
0.41072642243508872        60.879973686984364        25.269727225009468        0.0000000000000000     
0.41187708504142950        60.524226342068729        25.316979242712279        0.0000000000000000     
0.41306032255810499        60.158373790490685        25.365311474942281        0.0000000000000000     
0.41429188856155441        59.777294224334284        25.413418972884703        0.0000000000000000     
0.41557331014354609        59.380896303349381        25.464324469324410        0.0000000000000000     
0.41688452736133080        58.976319530634761        25.523943427952055        0.0000000000000000     
0.41819044873365790        58.576154786262308        25.599816960575410        0.0000000000000000     
0.41945552884853698        58.194245979811882        25.698915693867491        0.0000000000000000     
0.42065263618918891        57.841804901962789        25.822125973704047        0.0000000000000000     
0.42175491227651246        57.525409538794051        25.956584997020247        0.0000000000000000     
0.42272014246051381        57.247458193378790        26.072201933733808        0.0000000000000000     
0.42350549623787997        57.009056842438923        26.128411709843810        0.0000000000000000     
0.42414337847094613        56.813936483962074        26.089592527445355        0.0000000000000000     
0.42480752307611708        56.670810281650695        25.939859825891801        0.0000000000000000     
0.42565183193385858        56.592564254853514        25.688428365570694        0.0000000000000000     
0.42669078080948258        56.593006471390794        25.364398504270362        0.0000000000000000     
0.42787525514880392        56.682888508837294        25.006082770310179        0.0000000000000000     
0.42915930770841215        56.866145857854818        24.649998546250991        0.0000000000000000     
0.43052313474935500        57.136793309775229        24.321858311688004        0.0000000000000000     
0.43195952849713076        57.477521846228115        24.031004702667147        0.0000000000000000     
0.43344711391949592        57.861286149974411        23.770281591062265        0.0000000000000000     
0.43494128014161804        58.255665008329132        23.522036599498897        0.0000000000000000     
0.43638644678972838        58.627582418691560        23.267422836076008        0.0000000000000000     
0.43773231003713381        58.945912195761522        22.993821986073982        0.0000000000000000     
0.43894933849449053        59.182541667710900        22.697039313987133        0.0000000000000000     
0.44005295264462563        59.315237991116881        22.379448308174489        0.0000000000000000     
0.44111796920790225        59.333784623328242        22.047806277575312        0.0000000000000000     
0.44222917955099200        59.245628207016772        21.712638686154371        0.0000000000000000     
0.44340602982332167        59.075312507800518        21.387507401720676        0.0000000000000000     
0.44460222156722257        58.856506511028300        21.085338123049869        0.0000000000000000     
0.44575869438497179        58.621488057843017        20.811734097049047        0.0000000000000000     
0.44684786196372511        58.393802934026162        20.559641884435464        0.0000000000000000     
0.44788711604486597        58.185489245869164        20.311322230102931        0.0000000000000000     
0.44892384638338612        57.996693114272929        20.048827205427415        0.0000000000000000     
0.44999911945827165        57.816635605370834        19.765904977415182        0.0000000000000000     
0.45112106408179159        57.627768341439520        19.471337950158844        0.0000000000000000     
0.45227726577856187        57.413852434622328        19.181041841026584        0.0000000000000000     
0.45345917229760024        57.167682721067635        18.906672823672587        0.0000000000000000     
0.45466487996261234        56.892448964056953        18.650446428588015        0.0000000000000000     
0.45589168373256095        56.596417190235911        18.408036910515545        0.0000000000000000     
0.45713543020989472        56.287061230916734        18.174012084923646        0.0000000000000000     
0.45839129521709970        55.969256555243234        17.945067972334250        0.0000000000000000     
0.45965326998512285        55.645458328491095        17.721313011373823        0.0000000000000000     
0.46091832430920393        55.314257994014106        17.506895459621667        0.0000000000000000     
0.46219512627567599        54.968978439612776        17.308514101284388        0.0000000000000000     
0.46350648989552590        54.600787671940083        17.130441949904547        0.0000000000000000     
0.46487373523772224        54.206127121749397        16.968957613241582        0.0000000000000000     
0.46629287063336977        53.792549876293236        16.811312613258693        0.0000000000000000     
0.46773082642040081        53.377697606493363        16.640942185358846        0.0000000000000000     
0.46914693873433694        52.981561182754270        16.445646789544746        0.0000000000000000     
0.47051625036625139        52.616595907644069        16.223870982674562        0.0000000000000000     
0.47183437771497078        52.281404790763972        15.985856224869243        0.0000000000000000     
0.47310926985103430        51.961947314956873        15.749115807841807        0.0000000000000000     
0.47435734964438825        51.639845937338208        15.530552890803595        0.0000000000000000     
0.47560044450782873        51.302444352951717        15.339578348197470        0.0000000000000000     
0.47685204965823352        50.948118255936443        15.175782008410645        0.0000000000000000     
0.47810698757006470        50.584381261958065        15.031268357531118        0.0000000000000000     
0.47934951289074068        50.221600606498193        14.895020062048129        0.0000000000000000     
0.48056956284167668        49.867022444531770        14.756947423717602        0.0000000000000000     
0.48177088510268401        49.521960732240593        14.610963759633016        0.0000000000000000     
0.48296712594254776        49.182261191521256        14.456697805704305        0.0000000000000000     
0.48417380465153109        48.840672610161079        14.298739938783147        0.0000000000000000     
0.48540483054102113        48.489625266818685        14.143265336834808        0.0000000000000000     
0.48667244192809495        48.123387938942983        13.994373726762053        0.0000000000000000     
0.48798479804070266        47.739289544212880        13.852967039977283        0.0000000000000000     
0.48934098779035040        47.338417699945111        13.718033129409683        0.0000000000000000     
0.49072701840682464        46.926271806667401        13.587645816881588        0.0000000000000000     
0.49211564265119678        46.512862745218371        13.458579793723429        0.0000000000000000     
0.49347241020932014        46.110763266654793        13.326769764284705        0.0000000000000000     
0.49476782002014164        45.730430664971685        13.190476148942613        0.0000000000000000     
0.49598899397910107        45.374962169118014        13.053732660614148        0.0000000000000000     
0.49714305267376335        45.038702870859765        12.925358390802975        0.0000000000000000     
0.49825012527391360        44.712419618021954        12.812419075564890        0.0000000000000000     
0.49932548612816779        44.392132525841085        12.712919150407915        0.0000000000000000     
0.50036158953085808        44.084442137474092        12.614188023125362        0.0000000000000000     
0.50133374447579282        43.803956105442104        12.499049886311198        0.0000000000000000     
0.50222384198569603        43.566389023221255        12.355428952871026        0.0000000000000000     
0.50302858893132085        43.384921918327784        12.182039271373242        0.0000000000000000     
0.50375371874677299        43.272121057460943        11.986023339755564        0.0000000000000000     
0.50443533441756760        43.241855264702181        11.775604729109828        0.0000000000000000     
0.50517015395934362        43.305802746891445        11.555529647344862        0.0000000000000000     
0.50605845803125238        43.466907141065704        11.330140595730731        0.0000000000000000     
0.50712452202820335        43.716644260948172        11.110643649225405        0.0000000000000000     
0.50832755010304809        44.038555204169391        10.917897432469653        0.0000000000000000     
0.50961488597248972        44.414029369977165        10.775701770642739        0.0000000000000000     
0.51095829138546744        44.825909229369714        10.698868736351873        0.0000000000000000     
0.51234955899301593        45.259628471749657        10.685927300381831        0.0000000000000000     
0.51377868158343065        45.703867983644145        10.722208368310911        0.0000000000000000     
0.51523014302549275        46.151527705079140        10.789477283527059        0.0000000000000000     
0.51669399182404174        46.600290679262272        10.873434806129072        0.0000000000000000     
0.51817170718153971        47.051999984049473        10.964886387957135        0.0000000000000000     
0.51967219130018216        47.510657112811998        11.057807058812458        0.0000000000000000     
0.52120331928801411        47.979403353969630        11.148988547641327        0.0000000000000000     
0.52276310599533360        48.457451118925604        11.239120929745132        0.0000000000000000     
0.52433246693702662        48.938147893193189        11.331307035004688        0.0000000000000000     
0.52587057487427213        49.408629713361833        11.424943581087005        0.0000000000000000     
0.52731265667989624        49.850615281608839        11.508208961398553        0.0000000000000000     
0.52857718912263230        50.242145626695553        11.555581162589089        0.0000000000000000     
0.52960197081959581        50.561064820221304        11.534553451447064        0.0000000000000000     
0.53042585904052886        50.790586562230544        11.419026844493457        0.0000000000000000     
0.53124683721690102        50.924798559750243        11.200971422905685        0.0000000000000000     
0.53224608003303264        50.970285445109667        10.892662319332963        0.0000000000000000     
0.53344723632060231        50.942139385493874        10.519101309197538        0.0000000000000000     
0.53479603831213940        50.857019866983968        10.107135023512129        0.0000000000000000     
0.53623277077045661        50.728053571257604        9.6780032117358115        0.0000000000000000     
0.53771692693583262        50.564153659443718        9.2451093137317173        0.0000000000000000     
0.53922720567701887        50.372405041308951        8.8148750438992849        0.0000000000000000     
0.54075419001999736        50.160316798168481        8.3884678557905339        0.0000000000000000     
0.54229420715359689        49.935970240767496        7.9637783176516610        0.0000000000000000     
0.54384606348757081        49.706412412453062        7.5376839465097456        0.0000000000000000     
0.54540882612206776        49.475837124122961        7.1082745436320165        0.0000000000000000     
0.54697950613510338        49.244775996118356        6.6763239543519166        0.0000000000000000     
0.54855203074519332        49.010672602891248        6.2453597694997125        0.0000000000000000     
0.55011898268104675        48.769508383826491        5.8203038122904527        0.0000000000000000     
0.55167478907750911        48.517630451861471        5.4055692451820496        0.0000000000000000     
0.55321748050860098        48.252839818634094        5.0038474378577131        0.0000000000000000     
0.55474809798259506        47.974414458665912        4.6160789747402804        0.0000000000000000     
0.55626921420951236        47.682522239306138        4.2420955520849137        0.0000000000000000     
0.55778391254114490        47.377583032359325        3.8812887221385504        0.0000000000000000     
0.55929530364737323        47.059722240758383        3.5332075199906541        0.0000000000000000     
0.56080631687785754        46.728370566281527        3.1981090544460367        0.0000000000000000     
0.56231974026569198        46.382412102858495        2.8770067372558552        0.0000000000000000     
0.56383815824297034        46.021264490011845        2.5706747099932468        0.0000000000000000     
0.56536295485816068        45.646486864400799        2.2779345196417609        0.0000000000000000     
0.56689266558871376        45.262699034964044        1.9945230800194258        0.0000000000000000     
0.56842287193778496        44.876833817247103        1.7136838162306292        0.0000000000000000     
0.56994854362670522        44.496064760123929        1.4283249788909520        0.0000000000000000     
0.57146595971519565        44.125900635999130        1.1334528462395315        0.0000000000000000     
0.57297113679263478        43.769728816493490       0.82765177400815015        0.0000000000000000     
0.57445592075300445        43.429753866627635       0.51323383056604577        0.0000000000000000     
0.57590620417865923        43.108103814492559       0.19521956043061925        0.0000000000000000     
0.57730584823426534        42.806797759705489      -0.12064198065052892        0.0000000000000000     
0.57864537707122699        42.526273878326194      -0.43022720491084770        0.0000000000000000     
0.57992892414454189        42.263616594279014      -0.73232675020793925        0.0000000000000000     
0.58117184609822659        42.012385078696866       -1.0275419567156650        0.0000000000000000     
0.58238939049632232        41.764975908559279       -1.3156119922704477        0.0000000000000000     
0.58358731736001379        41.516170415858120       -1.5943273218932885        0.0000000000000000     
0.58476455700285768        41.265188550489981       -1.8623106282392798        0.0000000000000000     
0.58592512198794178        41.014873163749819       -2.1237629886937639        0.0000000000000000     
0.58708733700771554        40.769179286141906       -2.3902633729433078        0.0000000000000000     
0.58828148759170140        40.531085388351087       -2.6766530408039295        0.0000000000000000     
0.58953450071910884        40.301878786998387       -2.9931709360303493        0.0000000000000000     
0.59085012711722207        40.081583527827462       -3.3393405427751084        0.0000000000000000     
0.59220159892729962        39.870217707916595       -3.7040147697912849        0.0000000000000000     
0.59354493880056758        39.669528795295911       -4.0717853039717031        0.0000000000000000     
0.59484254349974153        39.484352026084700       -4.4316352817459865        0.0000000000000000     
0.59607957604830208        39.322843052883101       -4.7820114504126625        0.0000000000000000     
0.59726446844331815        39.195604182461771       -5.1289632699777030        0.0000000000000000     
0.59841844744124995        39.113612876505172       -5.4794055651880722        0.0000000000000000     
0.59956421818272065        39.084149431539352       -5.8355349056668651        0.0000000000000000     
0.60071870309952080        39.105305844321606       -6.1949766740484771        0.0000000000000000     
0.60188930045383549        39.163105808919539       -6.5554613117488660        0.0000000000000000     
0.60307669011327636        39.235787075011089       -6.9185852328030100        0.0000000000000000     
0.60428391270109993        39.304281165770547       -7.2888144997161062        0.0000000000000000     
0.60551698378012397        39.361480007913428       -7.6691105452161654        0.0000000000000000     
0.60677329380518663        39.413360251232703       -8.0574820221073171        0.0000000000000000     
0.60803625726172594        39.472445834106615       -8.4469217385568314        0.0000000000000000     
0.60928252051252529        39.550182899034517       -8.8277566805770835        0.0000000000000000     
0.61049137056748626        39.653357351371284       -9.1903841194424185        0.0000000000000000     
0.61165070742726269        39.783613542698482       -9.5276841595451867        0.0000000000000000     
0.61275766430988632        39.936293144685393       -9.8373292275971309        0.0000000000000000     
0.61381214136289097        40.098364879982789       -10.123494022807986        0.0000000000000000     
0.61481330586874317        40.249754521235360       -10.396584962550339        0.0000000000000000     
0.61577253902446782        40.370793233557023       -10.670174524223663        0.0000000000000000     
0.61672490062085150        40.451678561536582       -10.955974223052801        0.0000000000000000     
0.61770711486574870        40.496269068361748       -11.259047143690923        0.0000000000000000     
0.61872515072644130        40.517257423297281       -11.575860438832599        0.0000000000000000     
0.61975504964463235        40.527587032880696       -11.896901940676891        0.0000000000000000     
0.62076905872552623        40.535217803586178       -12.213061739650019        0.0000000000000000     
0.62175941026043080        40.543584225037542       -12.521821902736672        0.0000000000000000     
0.62274330068984340        40.554653240370307       -12.828480583754846        0.0000000000000000     
0.62374687848884547        40.570688506913996       -13.141068098296394        0.0000000000000000     
0.62478129408763849        40.593540149809641       -13.462874076359128        0.0000000000000000     
0.62582972757014976        40.622566058398192       -13.788571498462895        0.0000000000000000     
0.62685443472195734        40.652776109038612       -14.106728862817679        0.0000000000000000     
0.62781789294177026        40.674492173875805       -14.406429062214603        0.0000000000000000     
0.62870606519530303        40.675135032998412       -14.683433861848926        0.0000000000000000     
0.62954346108861559        40.642426360298117       -14.942546838298941        0.0000000000000000     
0.63038843895945018        40.567202552432818       -15.195116689554446        0.0000000000000000     
0.63130371410767205        40.444428455850876       -15.452824001819746        0.0000000000000000     
0.63232563284888244        40.272446884468692       -15.721159587361965        0.0000000000000000     
0.63345820894378124        40.051529777076247       -15.996781938032434        0.0000000000000000     
0.63468747166862771        39.782936744063846       -16.270355367464290        0.0000000000000000     
0.63599778466692880        39.469313957409767       -16.532361013303525        0.0000000000000000     
0.63737622621246481        39.116395314757625       -16.777866207915086        0.0000000000000000     
0.63880557418447426        38.734736616760159       -17.008223244824840        0.0000000000000000     
0.64025845308430274        38.339642808508579       -17.230091805748309        0.0000000000000000     
0.64170193456401903        37.948370789142672       -17.452765187596768        0.0000000000000000     
0.64310952714957259        37.575507684582846       -17.684492181992425        0.0000000000000000     
0.64447000658804254        37.228715854079766       -17.928980184764651        0.0000000000000000     
0.64578655739062174        36.906989758575222       -18.184112300137318        0.0000000000000000     
0.64707079742675411        36.602453839953967       -18.444273673573274        0.0000000000000000     
0.64833847755466811        36.305298959411708       -18.705069419355450        0.0000000000000000     
0.64960324667899150        36.010227955279014       -18.966854577833615        0.0000000000000000     
0.65086406866932556        35.721906497980243       -19.234248343996097        0.0000000000000000     
0.65209668167593315        35.456608408249380       -19.512463817473165        0.0000000000000000     
0.65326501751129884        35.238147649039377       -19.804097815169719        0.0000000000000000     
0.65435350293418215        35.088847234371094       -20.108984498678936        0.0000000000000000     
0.65539475156411087        35.019745646272312       -20.426294843782657        0.0000000000000000     
0.65645284144169302        35.025587264132611       -20.756243046036488        0.0000000000000000     
0.65757282720417976        35.087217996951246       -21.100067205015762        0.0000000000000000     
0.65876075255003452        35.178883153067616       -21.459041880090545        0.0000000000000000     
0.66000055208189201        35.275538842982584       -21.833438617236158        0.0000000000000000     
0.66127092084887140        35.357363863970697       -22.221103260973141        0.0000000000000000     
0.66254721917102588        35.411499202070246       -22.615460235160807        0.0000000000000000     
0.66379716115846077        35.431210828060671       -23.004796827902421        0.0000000000000000     
0.66498644726188005        35.412032075036890       -23.375218406723707        0.0000000000000000     
0.66610022479702502        35.346443645698102       -23.716338083768960        0.0000000000000000     
0.66716804366943705        35.221731322771689       -24.025140002399205        0.0000000000000000     
0.66826520087817820        35.024709971950372       -24.304912599117401        0.0000000000000000     
0.66946731182797603        34.751289398933196       -24.561436259729383        0.0000000000000000     
0.67079269171262224        34.414234296506308       -24.800732846394151        0.0000000000000000     
0.67218794360580614        34.043837362650820       -25.029131406041522        0.0000000000000000     
0.67355425743444008        33.681233501989730       -25.252972635096135        0.0000000000000000     
0.67479123238923189        33.367260041337822       -25.477149828705016        0.0000000000000000     
0.67584658529115538        33.130178078422887       -25.705468523157748        0.0000000000000000     
0.67675860255006792        32.976201945608636       -25.944631278760241        0.0000000000000000     
0.67764884351174404        32.887763841178156       -26.207820630781157        0.0000000000000000     
0.67863852665285174        32.832166394108697       -26.511437209440359        0.0000000000000000     
0.67978387806153961        32.777229156272981       -26.864402716857704        0.0000000000000000     
0.68106534229163540        32.706018583756034       -27.257674083227123        0.0000000000000000     
0.68239041813190038        32.624059401641112       -27.662733714204514        0.0000000000000000     
0.68362148552023860        32.557130580065774       -28.040803893552550        0.0000000000000000     
0.68463671073613397        32.541213508032023       -28.357034728686390        0.0000000000000000     
0.68541995978156778        32.608149598956317       -28.591966983480440        0.0000000000000000     
0.68614187357478451        32.772885451206797       -28.745445669650493        0.0000000000000000     
0.68700881022788396        33.028854896962415       -28.832545354635691        0.0000000000000000     
0.68805934385101186        33.353754757245071       -28.874855836881579        0.0000000000000000     
0.68923823516685712        33.721024068563651       -28.892139851700215        0.0000000000000000     
0.69048351462645208        34.109361729472319       -28.897948409769512        0.0000000000000000     
0.69175547221244360        34.506060205950916       -28.899508682917286        0.0000000000000000     
0.69303571973014411        34.905347107457175       -28.899830261517788        0.0000000000000000     
0.69431789975376490        35.305236850747818       -28.899877955766886        0.0000000000000000     
0.69560039847008170        35.705225991590183       -28.899882483482436        0.0000000000000000     
0.69688293036407212        36.105225480000001       -28.899882689999998        0.0000000000000000     
0.69816546389839129        36.505225480000000       -28.899882689999998        0.0000000000000000     
0.69944799743271047        36.905225479999999       -28.899882689999998        0.0000000000000000     
0.70073053096702964        37.305225480000004       -28.899882689999998        0.0000000000000000     
0.70201306450134893        37.705225480000003       -28.899882689999998        0.0000000000000000     
0.70329559803566810        38.105225480000001       -28.899882689999998        0.0000000000000000     
0.70457813156998728        38.505225480000000       -28.899882689999998        0.0000000000000000     
0.70586066510430645        38.905225479999999       -28.899882689999998        0.0000000000000000     
0.70714319863862563        39.305225480000004       -28.899882689999998        0.0000000000000000     
0.70842573217294480        39.705225480000003       -28.899882689999998        0.0000000000000000     
0.70970826570726397        40.105225480000001       -28.899882689999998        0.0000000000000000     
0.71099079924158315        40.505225480000000       -28.899882689999998        0.0000000000000000     
0.71227333277590232        40.905225479999999       -28.899882689999998        0.0000000000000000     
0.71355586631022150        41.305225480000004       -28.899882689999998        0.0000000000000000     
0.71483839984454067        41.705225480000003       -28.899882689999998        0.0000000000000000     
0.71612093337885996        42.105225480000001       -28.899882689999998        0.0000000000000000     
0.71740346691317913        42.505225480000000       -28.899882689999998        0.0000000000000000     
0.71868600044749831        42.905225480000006       -28.899882689999998        0.0000000000000000     
0.71996853398181748        43.305225480000004       -28.899882689999998        0.0000000000000000     
0.72125106751613655        43.705225479999996       -28.899882689999998        0.0000000000000000     
0.72253360105045572        44.105225480000001       -28.899882689999998        0.0000000000000000     
0.72381613458477490        44.505225480000000       -28.899882689999998        0.0000000000000000     
0.72509866811909407        44.905225480000006       -28.899882689999998        0.0000000000000000     
0.72638120165341324        45.305225480000004       -28.899882689999998        0.0000000000000000     
0.72766373518773242        45.705225479999996       -28.899882689999998        0.0000000000000000     
0.72894626872205159        46.105225480000001       -28.899882689999998        0.0000000000000000     
0.73022880225637077        46.505225480000000       -28.899882689999998        0.0000000000000000     
0.73151133579068994        46.905225480000006       -28.899882689999998        0.0000000000000000     
0.73279386932500912        47.305225480000004       -28.899882689999998        0.0000000000000000     
0.73407640285932818        47.705225479999996       -28.899882689999998        0.0000000000000000     
0.73535893639364736        48.105225480000001       -28.899882689999998        0.0000000000000000     
0.73664146992796653        48.505225480000000       -28.899882689999998        0.0000000000000000     
0.73792400346228582        48.905225480000006       -28.899882689999998        0.0000000000000000     
0.73920653699660499        49.305225480000004       -28.899882689999998        0.0000000000000000     
0.74048907053092405        49.705225479999996       -28.899882689999998        0.0000000000000000     
0.74177160406524323        50.105225480000001       -28.899882689999998        0.0000000000000000     
0.74305413759956240        50.505225480000000       -28.899882689999998        0.0000000000000000     
0.74433667113388158        50.905225480000006       -28.899882689999998        0.0000000000000000     
0.74561920466820075        51.305225480000004       -28.899882689999998        0.0000000000000000     
0.74690173820251993        51.705225479999996       -28.899882689999998        0.0000000000000000     
0.74818427173683910        52.105225480000001       -28.899882689999998        0.0000000000000000     
0.74946680527115828        52.505225480000000       -28.899882689999998        0.0000000000000000     
0.75074933880547745        52.905225480000006       -28.899882689999998        0.0000000000000000     
0.75203187233979663        53.305225480000004       -28.899882689999998        0.0000000000000000     
0.75331440587411569        53.705225479999996       -28.899882689999998        0.0000000000000000     
0.75459693940843486        54.105225480000001       -28.899882689999998        0.0000000000000000     
0.75587947294275404        54.505225480000000       -28.899882689999998        0.0000000000000000     
0.75716200647707321        54.905225480000006       -28.899882689999998        0.0000000000000000     
0.75844454001139250        55.305225480000004       -28.899882689999998        0.0000000000000000     
0.75972707354571156        55.705225479999996       -28.899882689999998        0.0000000000000000     
0.76100960708003074        56.105225480000001       -28.899882689999998        0.0000000000000000     
0.76229214061434991        56.505225480000000       -28.899882689999998        0.0000000000000000     
0.76357467414866909        56.905225480000006       -28.899882689999998        0.0000000000000000     
0.76485720768298826        57.305225480000004       -28.899882689999998        0.0000000000000000     
0.76613974121730732        57.705225479999996       -28.899882689999998        0.0000000000000000     
0.76742227475162650        58.105225480000001       -28.899882689999998        0.0000000000000000     
0.76870480828594578        58.505225480000000       -28.899882689999998        0.0000000000000000     
0.76998734182026496        58.905225480000006       -28.899882689999998        0.0000000000000000     
0.77126987535458413        59.305225480000004       -28.899882689999998        0.0000000000000000     
0.77255240888890320        59.705225479999996       -28.899882689999998        0.0000000000000000     
0.77383494242322237        60.105225480000001       -28.899882689999998        0.0000000000000000     
0.77511747595754155        60.505225480000000       -28.899882689999998        0.0000000000000000     
0.77640000949186072        60.905225480000006       -28.899882689999998        0.0000000000000000     
0.77768254302617990        61.305225480000004       -28.899882689999998        0.0000000000000000     
0.77896507656049907        61.705225479999996       -28.899882689999998        0.0000000000000000     
0.78024761009481824        62.105225480000001       -28.899882689999998        0.0000000000000000     
0.78153014362913742        62.505225480000000       -28.899882689999998        0.0000000000000000     
0.78281267716345659        62.905225480000006       -28.899882689999998        0.0000000000000000     
0.78409521069777577        63.305225480000004       -28.899882689999998        0.0000000000000000     
0.78537774423209483        63.705225479999996       -28.899882689999998        0.0000000000000000     
0.78666027776641401        64.105225480000001       -28.899882689999998        0.0000000000000000     
0.78794281130073318        64.505225479999993       -28.899882689999998        0.0000000000000000     
0.78922534483505247        64.905225479999999       -28.899882689999998        0.0000000000000000     
0.79050787836937164        65.305225480000004       -28.899882689999998        0.0000000000000000     
0.79179041190369071        65.705225479999996       -28.899882689999998        0.0000000000000000     
0.79307294543800988        66.105225480000001       -28.899882689999998        0.0000000000000000     
0.79435547897232905        66.505225479999993       -28.899882689999998        0.0000000000000000     
0.79563801250664823        66.905225479999999       -28.899882689999998        0.0000000000000000     
0.79692054604096740        67.305225480000004       -28.899882689999998        0.0000000000000000     
0.79820307957528647        67.705225479999996       -28.899882689999998        0.0000000000000000     
0.79948561310960575        68.105225480000001       -28.899882689999998        0.0000000000000000     
0.80076814664392493        68.505225479999993       -28.899882689999998        0.0000000000000000     
0.80205068017824410        68.905225479999999       -28.899882689999998        0.0000000000000000     
0.80333321371256328        69.305225480000004       -28.899882689999998        0.0000000000000000     
0.80461574724688234        69.705225479999996       -28.899882689999998        0.0000000000000000     
0.80589828078120151        70.105225480000001       -28.899882689999998        0.0000000000000000     
0.80718081431552069        70.505225479999993       -28.899882689999998        0.0000000000000000     
0.80846334784983986        70.905225479999999       -28.899882689999998        0.0000000000000000     
0.80974588138415904        71.305225480000004       -28.899882689999998        0.0000000000000000     
0.81102841491847821        71.705225479999996       -28.899882689999998        0.0000000000000000     
0.81231094845279739        72.105225480000001       -28.899882689999998        0.0000000000000000     
0.81359348198711656        72.505225479999993       -28.899882689999998        0.0000000000000000     
0.81487601552143574        72.905225479999999       -28.899882689999998        0.0000000000000000     
0.81615854905575491        73.305225480000004       -28.899882689999998        0.0000000000000000     
0.81744108259007398        73.705225479999996       -28.899882689999998        0.0000000000000000     
0.81872361612439315        74.105225480000001       -28.899882689999998        0.0000000000000000     
0.82000614965871244        74.505225479999993       -28.899882689999998        0.0000000000000000     
0.82128868319303161        74.905225479999999       -28.899882689999998        0.0000000000000000     
0.82257121672735078        75.305225480000004       -28.899882689999998        0.0000000000000000     
0.82385375026166985        75.705225479999996       -28.899882689999998        0.0000000000000000     
0.82513628379598891        76.105225480000001       -28.899882689999998        0.0000000000000000     
0.82641881733030798        76.505225479999993       -28.899882689999998        0.0000000000000000     
0.82770135086462715        76.905225479999999       -28.899882689999998        0.0000000000000000     
0.82898388439894621        77.305225480000004       -28.899882689999998        0.0000000000000000     
0.83026641793326528        77.705225479999996       -28.899882689999998        0.0000000000000000     
0.83154895146758445        78.105225480000001       -28.899882689999998        0.0000000000000000     
0.83283148500190352        78.505225479999993       -28.899882689999998        0.0000000000000000     
0.83411401853622258        78.905225479999999       -28.899882689999998        0.0000000000000000     
0.83539655207054164        79.305225480000004       -28.899882689999998        0.0000000000000000     
0.83667908560486082        79.705225479999996       -28.899882689999998        0.0000000000000000     
0.83796161913917988        80.105225480000001       -28.899882689999998        0.0000000000000000     
0.83924415267349894        80.505225479999993       -28.899882689999998        0.0000000000000000     
0.84052668620781801        80.905225479999999       -28.899882689999998        0.0000000000000000     
0.84180921974213718        81.305225480000004       -28.899882689999998        0.0000000000000000     
0.84309175327645625        81.705225479999996       -28.899882689999998        0.0000000000000000     
0.84437428681077531        82.105225480000001       -28.899882689999998        0.0000000000000000     
0.84565682034509448        82.505225479999993       -28.899882689999998        0.0000000000000000     
0.84693935387941355        82.905225479999999       -28.899882689999998        0.0000000000000000     
0.84822188741373261        83.305225480000004       -28.899882689999998        0.0000000000000000     
0.84950442094805168        83.705225479999996       -28.899882689999998        0.0000000000000000     
0.85078695448237085        84.105225480000001       -28.899882689999998        0.0000000000000000     
0.85206948801668991        84.505225479999993       -28.899882689999998        0.0000000000000000     
0.85335202155100898        84.905225479999999       -28.899882689999998        0.0000000000000000     
0.85463455508532804        85.305225480000004       -28.899882689999998        0.0000000000000000     
0.85591708861964721        85.705225479999996       -28.899882689999998        0.0000000000000000     
0.85719962215396628        86.105225480000001       -28.899882689999998        0.0000000000000000     
0.85848215568828534        86.505225479999993       -28.899882689999998        0.0000000000000000     
0.85976468922260441        86.905225479999999       -28.899882689999998        0.0000000000000000     
0.86104722275692358        87.305225480000004       -28.899882689999998        0.0000000000000000     
0.86232975629124264        87.705225479999996       -28.899882689999998        0.0000000000000000     
0.86361228982556171        88.105225480000001       -28.899882689999998        0.0000000000000000     
0.86489482335988088        88.505225479999993       -28.899882689999998        0.0000000000000000     
0.86617735689419995        88.905225479999999       -28.899882689999998        0.0000000000000000     
0.86745989042851901        89.305225480000004       -28.899882689999998        0.0000000000000000     
0.86874242396283807        89.705225479999996       -28.899882689999998        0.0000000000000000     
0.87002495749715725        90.105225480000001       -28.899882689999998        0.0000000000000000     
0.87130749103147631        90.505225479999993       -28.899882689999998        0.0000000000000000     
0.87259002456579537        90.905225479999999       -28.899882689999998        0.0000000000000000     
0.87387255810011444        91.305225480000004       -28.899882689999998        0.0000000000000000     
0.87515509163443361        91.705225479999996       -28.899882689999998        0.0000000000000000     
0.87643762516875268        92.105225480000001       -28.899882689999998        0.0000000000000000     
0.87772015870307174        92.505225479999993       -28.899882689999998        0.0000000000000000     
0.87900269223739080        92.905225479999999       -28.899882689999998        0.0000000000000000     
0.88028522577170998        93.305225480000004       -28.899882689999998        0.0000000000000000     
0.88156775930602904        93.705225479999996       -28.899882689999998        0.0000000000000000     
0.88285029284034811        94.105225480000001       -28.899882689999998        0.0000000000000000     
0.88413282637466728        94.505225479999993       -28.899882689999998        0.0000000000000000     
0.88541535990898634        94.905225479999999       -28.899882689999998        0.0000000000000000     
0.88669789344330541        95.305225480000004       -28.899882689999998        0.0000000000000000     
0.88798042697762447        95.705225479999996       -28.899882689999998        0.0000000000000000     
0.88926296051194376        96.105225480000030       -28.899882689999998        0.0000000000000000     
0.89054549404626415        96.505225480000405       -28.899882689999998        0.0000000000000000     
0.89182802758059487        96.905225480004034       -28.899882689999998        0.0000000000000000     
0.89311056111498366        97.305225480025754       -28.899882689999998        0.0000000000000000     
0.89439309464959904        97.705225480118173       -28.899882689999998        0.0000000000000000     
0.89567562818486623        98.105225480413878       -28.899882689999998        0.0000000000000000     
0.89695816172155585        98.505225481153175       -28.899882689999998        0.0000000000000000     
0.89824069526061590        98.905225482631764       -28.899882689999998        0.0000000000000000     
0.89952322880263880        99.305225485034455       -28.899882689999998        0.0000000000000000     
0.90080576234722964        99.705225488238028       -28.899882689999998        0.0000000000000000     
0.90208829589284778        100.10522549176197       -28.899882689999998        0.0000000000000000     
0.90337082943743874        100.50522549496556       -28.899882689999998        0.0000000000000000     
0.90465336297946175        100.90522549736824       -28.899882689999998        0.0000000000000000     
0.90593589651852180        101.30522549884682       -28.899882689999998        0.0000000000000000     
0.90721843005521130        101.70522549958611       -28.899882689999998        0.0000000000000000     
0.90850096359047872        102.10522549988181       -28.899882689999998        0.0000000000000000     
0.90978349712509421        102.50522549997422       -28.899882689999998        0.0000000000000000     
0.91106603065948311        102.90522549999596       -28.899882689999998        0.0000000000000000     
0.91234856419381383        103.30522549999959       -28.899882689999998        0.0000000000000000     
0.91363109772813422        103.70522549999998       -28.899882689999998        0.0000000000000000     
0.91491363126245329        104.10522549999999       -28.899882689999998        0.0000000000000000     
0.91619616479677235        104.50522549999999       -28.899882689999998        0.0000000000000000     
0.91747869833109152        104.90522550000000       -28.899882689999998        0.0000000000000000     
0.91876123186541059        105.30522550000001       -28.899882689999998        0.0000000000000000     
0.92004376539972965        105.70522550000000       -28.899882689999998        0.0000000000000000     
0.92132629893404872        106.10522549999999       -28.899882689999998        0.0000000000000000     
0.92260883246836789        106.50522549999999       -28.899882689999998        0.0000000000000000     
0.92389136528405147        106.90522527586994       -28.899882470654905        0.0000000000000000     
0.92517388322262661        107.30522041179904       -28.899877702283323        0.0000000000000000     
0.92645625454053637        107.70516981622370       -28.899828015851437        0.0000000000000000     
0.92773771119015402        108.10483381784493       -28.899497472333369        0.0000000000000000     
0.92901512052120994        108.50323254211196       -28.897919379758299        0.0000000000000000     
0.93027906901677682        108.89739404326247       -28.892155067014158        0.0000000000000000     
0.93150838441943973        109.28042886913680       -28.875375358151853        0.0000000000000000     
0.93266839532395041        109.63999064735032       -28.835308066892090        0.0000000000000000     
0.93372350490420963        109.95912179103661       -28.755041972684324        0.0000000000000000     
0.93467132087891702        110.22078797212029       -28.617511836575929        0.0000000000000000     
0.93557657737571731        110.41461800947151       -28.412225925015875        0.0000000000000000     
0.93653947237550528        110.54173371448098       -28.140145312833255        0.0000000000000000     
0.93761319126659182        110.61418898536454       -27.813203345822757        0.0000000000000000     
0.93878693576087269        110.64944961611711       -27.448834907102054        0.0000000000000000     
0.94002363851641169        110.66382599472581       -27.063396750974125        0.0000000000000000     
0.94129062782087691        110.66862897536851       -26.668273917722168        0.0000000000000000     
0.94256899692960394        110.66990665166188       -26.269574777173464        0.0000000000000000     
0.94385068005527351        110.67016650899602       -25.869840089368282        0.0000000000000000     
0.94513308914296390        110.67020441439723       -25.469878903912964        0.0000000000000000     
0.94641561105769956        110.67020794266034       -25.069882527875368        0.0000000000000000     
0.94769814407219310        110.67020810000000       -24.669882690000001        0.0000000000000000     
0.94898067760651217        110.67020810000000       -24.269882690000003        0.0000000000000000     
0.95026321114083134        110.67020810000000       -23.869882690000001        0.0000000000000000     
0.95154574467515041        110.67020810000000       -23.469882689999999        0.0000000000000000     
0.95282827820946947        110.67020810000000       -23.069882690000000        0.0000000000000000     
0.95411081174378853        110.67020810000000       -22.669882690000001        0.0000000000000000     
0.95539334527810771        110.67020810000000       -22.269882690000003        0.0000000000000000     
0.95667587881242677        110.67020810000000       -21.869882690000001        0.0000000000000000     
0.95795841234674584        110.67020810000000       -21.469882689999999        0.0000000000000000     
0.95924094588106490        110.67020810000000       -21.069882690000000        0.0000000000000000     
0.96052347941538407        110.67020810000000       -20.669882690000001        0.0000000000000000     
0.96180601294970314        110.67020810000000       -20.269882690000003        0.0000000000000000     
0.96308854648402220        110.67020810000000       -19.869882690000001        0.0000000000000000     
0.96437108001834138        110.67020810000000       -19.469882689999999        0.0000000000000000     
0.96565361355266044        110.67020810000000       -19.069882690000000        0.0000000000000000     
0.96693614708697950        110.67020810000000       -18.669882690000001        0.0000000000000000     
0.96821868062129857        110.67020810000000       -18.269882690000003        0.0000000000000000     
0.96950121415561774        110.67020810000000       -17.869882690000001        0.0000000000000000     
0.97078374768993680        110.67020810000000       -17.469882689999999        0.0000000000000000     
0.97206628122425587        110.67020810000000       -17.069882690000000        0.0000000000000000     
0.97334881475857493        110.67020810000000       -16.669882690000001        0.0000000000000000     
0.97463134829289411        110.67020810000000       -16.269882690000003        0.0000000000000000     
0.97591388182721317        110.67020810000000       -15.869882690000001        0.0000000000000000     
0.97719641536153223        110.67020810000000       -15.469882689999999        0.0000000000000000     
0.97847894889585130        110.67020810000000       -15.069882690000000        0.0000000000000000     
0.97976148243017047        110.67020810000000       -14.669882690000000        0.0000000000000000     
0.98104401596448954        110.67020810000000       -14.269882690000001        0.0000000000000000     
0.98232654949880860        110.67020810000000       -13.869882690000003        0.0000000000000000     
0.98360908303312777        110.67020810000000       -13.469882690000038        0.0000000000000000     
0.98489161656744573        110.67020810000000       -13.069882690000401        0.0000000000000000     
0.98617415010175791        110.67020810000000       -12.669882690002577        0.0000000000000000     
0.98745668389520769        110.67020810000000       -12.269882609184204        0.0000000000000000     
0.98873922200656950        110.67020766945600       -11.869881181684093        0.0000000000000000     
0.99002179194639428        110.67019861154125       -11.469869827539899        0.0000000000000000     
0.99130449066382020        110.67010739049100       -11.069818320189590        0.0000000000000000     
0.99258743599233956        110.66952169662073       -10.669690317368731        0.0000000000000000     
0.99387007329742583        110.66682720859365       -10.269667027764326        0.0000000000000000     
0.99514888194861961        110.65736027080391       -9.8709411250913277        0.0000000000000000     
0.99641375870456894        110.63090914327535       -9.4773357536278553        0.0000000000000000     
0.99764779900644307        110.57043610160349       -9.0972405115137747        0.0000000000000000     
0.99883868201592718        110.45477828950663       -8.7442915656719293        0.0000000000000000     
1.0000000000000000        110.26614244788686       -8.4350962960073836        0.0000000000000000     
