355
0.0000000000000000        104.52096838311178       -5.7274041631368267        0.0000000000000000     
1.6288373189151648E-003   104.46993556737533       -5.7097435271581594        0.0000000000000000     
3.6180923438944171E-003   104.41233250597760       -5.6776266896198031        0.0000000000000000     
5.9722219370213717E-003   104.34891985388498       -5.6321249371439244        0.0000000000000000     
8.6352724270503875E-003   104.28111280099466       -5.5755792972027631        0.0000000000000000     
1.1522537367823807E-002   104.21050918591627       -5.5109401309430250        0.0000000000000000     
1.4546518510187156E-002   104.13849155577638       -5.4411915116842264        0.0000000000000000     
1.7633506083031516E-002   104.06596942175884       -5.3689754011629942        0.0000000000000000     
2.0731445549253734E-002   103.99327893393924       -5.2964138803695064        0.0000000000000000     
2.3811581936367336E-002   103.92022904956670       -5.2250563421428433        0.0000000000000000     
2.6866349945215102E-002   103.84626385943275       -5.1558734951676506        0.0000000000000000     
2.9904895666275726E-002   103.77069004228028       -5.0892622149415567        0.0000000000000000     
3.2946829907609367E-002   103.69290156613292       -5.0250744841295907        0.0000000000000000     
3.6015198450669708E-002   103.61253561797663       -4.9627048803921223        0.0000000000000000     
3.9130469986282404E-002   103.52952254761362       -4.9012534382603068        0.0000000000000000     
4.2307041835355948E-002   103.44403854144409       -4.8397401945610987        0.0000000000000000     
4.5552264261878320E-002   103.35640899389091       -4.7773139085146799        0.0000000000000000     
4.8866820024705458E-002   103.26702181336735       -4.7133934093957652        0.0000000000000000     
5.2245392353695921E-002   103.17628980477173       -4.6477080406323239        0.0000000000000000     
5.5677294476971853E-002   103.08466603009489       -4.5802456627138390        0.0000000000000000     
5.9147197809456917E-002   102.99268817354573       -4.5111482533201457        0.0000000000000000     
6.2636125068411000E-002   102.90101937714245       -4.4406023534393544        0.0000000000000000     
6.6122819063128002E-002   102.81045905859189       -4.3687580950913345        0.0000000000000000     
6.9585656326907760E-002   102.72190558211376       -4.2956909060531059        0.0000000000000000     
7.3005289116355801E-002   102.63625808569461       -4.2214063607509935        0.0000000000000000     
7.6367883637050576E-002   102.55425451703792       -4.1458822710020637        0.0000000000000000     
7.9668151389611391E-002   102.47626704756132       -4.0691361542965980        0.0000000000000000     
8.2910869108831692E-002   102.40211176288287       -3.9912958662404541        0.0000000000000000     
8.6110039902133090E-002   102.33095589722328       -3.9126408432631976        0.0000000000000000     
8.9286240550905616E-002   102.26139644435192       -3.8335820996282584        0.0000000000000000     
9.2463574418432934E-002   102.19172903103970       -3.7545683793914462        0.0000000000000000     
9.5666781000921020E-002   102.12034549617862       -3.6759391092169222        0.0000000000000000     
9.8917728270791885E-002   102.04613372477664       -3.5977760118492945        0.0000000000000000     
0.10223111179525325        101.96874067614826       -3.5198165726002761        0.0000000000000000     
0.10561125319303416        101.88860827727473       -3.4414755208921450        0.0000000000000000     
0.10905234284700498        101.80677855784096       -3.3619809037264363        0.0000000000000000     
0.11254218563981988        101.72454876290391       -3.2805857193529202        0.0000000000000000     
0.11606692342924670        101.64310468829869       -3.1967834023560302        0.0000000000000000     
0.11961394756525205        101.56325721212474       -3.1104492779672053        0.0000000000000000     
0.12317221965674999        101.48536033609997       -3.0218539975553638        0.0000000000000000     
0.12673130956349724        101.40941930831914       -2.9315411784889749        0.0000000000000000     
0.13028081768387018        101.33532850746923       -2.8401129022210214        0.0000000000000000     
0.13381079296716289        101.26313232224445       -2.7480026960643942        0.0000000000000000     
0.13731292698599304        101.19319373166951       -2.6553205928879509        0.0000000000000000     
0.14078234693007860        101.12619000345958       -2.5618262539687882        0.0000000000000000     
0.14421976300670572        101.06292397092349       -2.4670363209832802        0.0000000000000000     
0.14763278542947950        101.00401874504486       -2.3704225759676123        0.0000000000000000     
0.15103452319957283        100.94962051899464       -2.2716281175786497        0.0000000000000000     
0.15443886820884734        100.89923996906464       -2.1706290223531228        0.0000000000000000     
0.15785462126491695        100.85180973549348       -2.0677946381081278        0.0000000000000000     
0.16128185338140058        100.80594450779310       -1.9638366646110335        0.0000000000000000     
0.16471213466370541        100.76030372004946       -1.8596695806682861        0.0000000000000000     
0.16813166873637012        100.71391651098844       -1.7562231111867150        0.0000000000000000     
0.17152552095750548        100.66635166319020       -1.6542515683325674        0.0000000000000000     
0.17488186992050536        100.61768550923108       -1.5541818257871598        0.0000000000000000     
0.17819580323642170        100.56830104397658       -1.4560363330030073        0.0000000000000000     
0.18147186363826939        100.51860707737114       -1.3594571580697394        0.0000000000000000     
0.18472412437832098        100.46878200174056       -1.2638344223581961        0.0000000000000000     
0.18797310459005800        100.41862699186996       -1.1685072071140621        0.0000000000000000     
0.19124037874448188        100.36757125634264       -1.0729711098883887        0.0000000000000000     
0.19454311115244882        100.31482027833519      -0.97701677528108855        0.0000000000000000     
0.19789065267054295        100.25958925452683      -0.88075161136547164        0.0000000000000000     
0.20128385604710539        100.20133267367937      -0.78451263496344981        0.0000000000000000     
0.20471632609270515        100.13988114417057      -0.68873120086654893        0.0000000000000000     
0.20817647716641380        100.07543305330972      -0.59382843464485213        0.0000000000000000     
0.21164970816935741        100.00841026316078      -0.50019233240472005        0.0000000000000000     
0.21512039060999208        99.939248667597838      -0.40823040790031245        0.0000000000000000     
0.21857348854897418        99.868227805706510      -0.31843880177123574        0.0000000000000000     
0.22199574490192697        99.795430891109405      -0.23140991598091651        0.0000000000000000     
0.22537639464278011        99.720869116000785      -0.14772693630387174        0.0000000000000000     
0.22870710093842042        99.644724387058105       -6.7752893864067257E-002   0.0000000000000000     
0.23198084980948103        99.567598661408951        8.6146916196149850E-003   0.0000000000000000     
0.23519074643076576        99.490639807493508        8.2117515353956894E-002   0.0000000000000000     
0.23833119179470388        99.415457621362236       0.15414659080670134        0.0000000000000000     
0.24140323161029692        99.343832883020369       0.22655742485448993        0.0000000000000000     
0.24442199559610650        99.277315500868070       0.30133839919184724        0.0000000000000000     
0.24742011429421051        99.216859353920327       0.38023878015874357        0.0000000000000000     
0.25044177514414451        99.162627327267828       0.46446987480543478        0.0000000000000000     
0.25352891715466952        99.114030313059345       0.55454764586694616        0.0000000000000000     
0.25670743815753277        99.069974540732403       0.65027694642911305        0.0000000000000000     
0.25997990738971638        99.029221738874625       0.75082736763763847        0.0000000000000000     
0.26332513269713398        98.990738521192810       0.85484395477876851        0.0000000000000000     
0.26670178084786234        98.953924955556516       0.96056688996744333        0.0000000000000000     
0.27005432828579512        98.918654496039494        1.0659723408393114        0.0000000000000000     
0.27332128251421989        98.885114541387779        1.1689607268018387        0.0000000000000000     
0.27644552470775846        98.853498033209235        1.2675982951890132        0.0000000000000000     
0.27938525593448366        98.823648921543850        1.3603784925671398        0.0000000000000000     
0.28212310107733013        98.794789454457899        1.4464387018631419        0.0000000000000000     
0.28467150011915948        98.765437650894867        1.5256656996916007        0.0000000000000000     
0.28707377193831995        98.733557691744366        1.5986515645565658        0.0000000000000000     
0.28940004759762961        98.696898520904540        1.6665071579982826        0.0000000000000000     
0.29173589738807826        98.653407697698867        1.7305843570660691        0.0000000000000000     
0.29416386725893967        98.601592043513705        1.7921866705998220        0.0000000000000000     
0.29674504058105816        98.540737730039140        1.8523530238631187        0.0000000000000000     
0.29950925995184691        98.470971831855650        1.9117790525454337        0.0000000000000000     
0.30245573891311112        98.393203973079736        1.9708971758566085        0.0000000000000000     
0.30556004420392152        98.309003243204671        2.0300809292981139        0.0000000000000000     
0.30878328994492182        98.220443269901978        2.0898877471523534        0.0000000000000000     
0.31208169739136576        98.129912318559519        2.1512283179786751        0.0000000000000000     
0.31541623286143006        98.039866549385906        2.2153662969307040        0.0000000000000000     
0.31876147049469955        97.952520858516294        2.2837126894817161        0.0000000000000000     
0.32211064134426359        97.869516905329164        2.3574675866920707        0.0000000000000000     
0.32547296804893983        97.791654286750870        2.4372416825138261        0.0000000000000000     
0.32886317970150997        97.718784087169908        2.5228185306139777        0.0000000000000000     
0.33228965360795065        97.649924692014764        2.6131709025943506        0.0000000000000000     
0.33574926670301597        97.583578693729038        2.7067348276009522        0.0000000000000000     
0.33923086284057891        97.518146131457996        2.8018258471441913        0.0000000000000000     
0.34272224737523321        97.452288828118782        2.8970180819116274        0.0000000000000000     
0.34621460605251708        97.385126731428926        2.9913339163742494        0.0000000000000000     
0.34970229358168331        97.316226136088517        3.0841945283141223        0.0000000000000000     
0.35318006090925508        97.245429719591144        3.1752016751643142        0.0000000000000000     
0.35664094426850029        97.172636116919264        3.2638963970852144        0.0000000000000000     
0.36007679151722755        97.097641009012818        3.3496378901750470        0.0000000000000000     
0.36348143816839579        97.020109265390303        3.4316750973372976        0.0000000000000000     
0.36685463811784580        96.939682958407474        3.5093835496047388        0.0000000000000000     
0.37020371410785785        96.856170069502497        3.5825569059788798        0.0000000000000000     
0.37354091239382675        96.769724090616990        3.6516115308351278        0.0000000000000000     
0.37687776788449912        96.680926911882523        3.7175963380777999        0.0000000000000000     
0.38022049488175852        96.590726414992133        3.7819851031665999        0.0000000000000000     
0.38356936653258589        96.500241918781214        3.8463263360246902        0.0000000000000000     
0.38692140016844062        96.410508612406062        3.9118889902541323        0.0000000000000000     
0.39027349186868004        96.322258698154570        3.9794382938478838        0.0000000000000000     
0.39362404724177752        96.235819120418441        4.0492081757631366        0.0000000000000000     
0.39697310665608304        96.151154004494572        4.1210443700108916        0.0000000000000000     
0.40032170611405432        96.068022027756271        4.1946263578521341        0.0000000000000000     
0.40367080129045985        95.986182257349085        4.2696672529410238        0.0000000000000000     
0.40701984345421388        95.905577911795675        4.3460310737629628        0.0000000000000000     
0.41036547398692524        95.826448924859676        4.4237613257955664        0.0000000000000000     
0.41370109044128917        95.749355269686532        4.5030482394166800        0.0000000000000000     
0.41701761507094837        95.675121095488237        4.5841625797615206        0.0000000000000000     
0.42030485690024810        95.604729964985225        4.6673658351509530        0.0000000000000000     
0.42355209371728186        95.539213140976187        4.7527935825373007        0.0000000000000000     
0.42674656544664613        95.479574120011733        4.8403146264402164        0.0000000000000000     
0.42986970475662539        95.426779932295403        4.9293886054284703        0.0000000000000000     
0.43289268092587413        95.381822431410512        5.0189628891534497        0.0000000000000000     
0.43577416521769863        95.345817718610192        5.1074507326959750        0.0000000000000000     
0.43846334306816381        95.320083213174598        5.1928126090051263        0.0000000000000000     
0.44091031935424013        95.306125440053705        5.2727296435589563        0.0000000000000000     
0.44308505863172903        95.305496178845573        5.3448279478350278        0.0000000000000000     
0.44500454854094523        95.319525686182985        5.4069007844383510        0.0000000000000000     
0.44676009008551620        95.349000622381396        5.4570886259085558        0.0000000000000000     
0.44851328056337492        95.393894603286782        5.4940081918527559        0.0000000000000000     
0.45043182880694066        95.453258546604971        5.5168514349272844        0.0000000000000000     
0.45262122180447945        95.525330318367622        5.5254836171064952        0.0000000000000000     
0.45511451274534004        95.607845107923808        5.5205479150363566        0.0000000000000000     
0.45789515263169817        95.698452476060481        5.5035444448549811        0.0000000000000000     
0.46091985707447680        95.795106829206688        5.4768207870221470        0.0000000000000000     
0.46413446644717588        95.896312394876944        5.4434135460368100        0.0000000000000000     
0.46748508112675308        96.001163843351947        5.4067222989398509        0.0000000000000000     
0.47092625868915378        96.109201536777221        5.3700614348698776        0.0000000000000000     
0.47442555067248765        96.220162447506084        5.3361913421932421        0.0000000000000000     
0.47796276552649480        96.333730969716669        5.3069508256284266        0.0000000000000000     
0.48152434868936345        96.449374614036486        5.2830864801524093        0.0000000000000000     
0.48509635295150549        96.566302588314642        5.2643109341401164        0.0000000000000000     
0.48866026387128025        96.683533782770795        5.2495448256276731        0.0000000000000000     
0.49219346475766246        96.800024859258485        5.2372382843910774        0.0000000000000000     
0.49567290124502938        96.914798495611024        5.2256533719989928        0.0000000000000000     
0.49907924855646274        97.027024310519067        5.2130290659715408        0.0000000000000000     
0.50239980658148076        97.136031100357471        5.1976279744435310        0.0000000000000000     
0.50562988146221677        97.241257370445140        5.1777383297442539        0.0000000000000000     
0.50877306370807784        97.342168818206119        5.1517319510854644        0.0000000000000000     
0.51184018555093824        97.438182044640897        5.1182400761437554        0.0000000000000000     
0.51484581195644186        97.528632972182905        5.0764263181170115        0.0000000000000000     
0.51780168040183494        97.612817380965126        5.0262596536023896        0.0000000000000000     
0.52070908176188024        97.690110215984546        4.9686648061376717        0.0000000000000000     
0.52355440237096895        97.760141196193175        4.9054630905010930        0.0000000000000000     
0.52631115705683817        97.822973431693612        4.8390888195157711        0.0000000000000000     
0.52894849003581990        97.879213731853923        4.7721380741431254        0.0000000000000000     
0.53144316449508955        97.929994721910433        4.7068546300234857        0.0000000000000000     
0.53379082062151395        97.976815310793498        4.6446778594213187        0.0000000000000000     
0.53601231476593625        98.021291011821717        4.5859717716382473        0.0000000000000000     
0.53815227260580756        98.064914196778560        4.5300197944734464        0.0000000000000000     
0.54027027747198941        98.108923386762925        4.4753018684267936        0.0000000000000000     
0.54242888675886503        98.154323309708204        4.4199793666032248        0.0000000000000000     
0.54468317968685487        98.202013203712525        4.3624335000709387        0.0000000000000000     
0.54707396399681818        98.252920319346430        4.3016781489216154        0.0000000000000000     
0.54962514223683245        98.308037583461868        4.2375212230253334        0.0000000000000000     
0.55234517469864253        98.368328144752383        4.1704584536558897        0.0000000000000000     
0.55523110219142091        98.434543453074610        4.1013922674740240        0.0000000000000000     
0.55827253768521889        98.507051631883684        4.0313184433321938        0.0000000000000000     
0.56145410959079267        98.585760527361032        3.9610955955655256        0.0000000000000000     
0.56475678828314202        98.670160103259832        3.8913372871382093        0.0000000000000000     
0.56815921547255022        98.759446059164105        3.8223975580110920        0.0000000000000000     
0.57163940796921209        98.852659298184307        3.7543955488363183        0.0000000000000000     
0.57517636120039728        98.948791046715485        3.6872429640164550        0.0000000000000000     
0.57875097662290964        99.046838163665313        3.6206700947807553        0.0000000000000000     
0.58234613416594960        99.145819043273661        3.5542633231130640        0.0000000000000000     
0.58594607413515798        99.244766560766919        3.4875228897974733        0.0000000000000000     
0.58953536355166103        99.342710408200603        3.4199378618176595        0.0000000000000000     
0.59309776450061291        99.438661804626093        3.3510706512786337        0.0000000000000000     
0.59661541844651900        99.531621999665987        3.2806467011558551        0.0000000000000000     
0.60006880572828925        99.620640399730107        3.2086438099492796        0.0000000000000000     
0.60343780166575800        99.704934130797028        3.1353607569519260        0.0000000000000000     
0.60670391161228443        99.784047235235988        3.0614243646407426        0.0000000000000000     
0.60985358896694231        99.857991846829947        2.9876912444988086        0.0000000000000000     
0.61288227254630212        99.927301186436566        2.9150351398458083        0.0000000000000000     
0.61579801619823504        99.992950029141667        2.8440775847441380        0.0000000000000000     
0.61862249272183667        100.05615344094493        2.7749818483073616        0.0000000000000000     
0.62138700703088667        100.11810939693255        2.7074393778660566        0.0000000000000000     
0.62412311979111046        100.17977397603926        2.6409090491695055        0.0000000000000000     
0.62685067685514917        100.24173752685390        2.5750459972400361        0.0000000000000000     
0.62956807360927258        100.30422215561353        2.5101438777323075        0.0000000000000000     
0.63224938018023824        100.36717540603559        2.4473797336452754        0.0000000000000000     
0.63485108986456662        100.43041427060606        2.3887190349382310        0.0000000000000000     
0.63732814327690912        100.49377748295845        2.3364749497475730        0.0000000000000000     
0.63965475991847498        100.55725529200096        2.2926504356585813        0.0000000000000000     
0.64184119251069049        100.62106984388561        2.2582655726175154        0.0000000000000000     
0.64393507903152969        100.68567829474560        2.2328697189731805        0.0000000000000000     
0.64600251475375026        100.75168105759406        2.2143805453425536        0.0000000000000000     
0.64810242391620054        100.81965060891260        2.1993105690240320        0.0000000000000000     
0.65027652699151073        100.88994208517521        2.1833534807666695        0.0000000000000000     
0.65255823290390369        100.96257559393253        2.1622133774215238        0.0000000000000000     
0.65498289224217776        101.03726270201767        2.1324831765171037        0.0000000000000000     
0.65758385965386168        101.11358246971774        2.0923424265890080        0.0000000000000000     
0.66037696996251105        101.19122665449828        2.0418786331550183        0.0000000000000000     
0.66334864081710987        101.27017909712821        1.9829449395789931        0.0000000000000000     
0.66645740933362818        101.35070857683166        1.9186179380456185        0.0000000000000000     
0.66964556362094452        101.43313808286999        1.8524529813692574        0.0000000000000000     
0.67285081013398307        101.51746746281060        1.7877915847350427        0.0000000000000000     
0.67601055430738288        101.60301411176840        1.7273270105053751        0.0000000000000000     
0.67905942349634207        101.68825427257173        1.6729978700957264        0.0000000000000000     
0.68192756432227930        101.77098521147195        1.6261182311824425        0.0000000000000000     
0.68454738650469837        101.84880872724429        1.5875476869400456        0.0000000000000000     
0.68687010246254632        101.91980197981013        1.5577140799643232        0.0000000000000000     
0.68888563107409084        101.98314185824492        1.5364227794118037        0.0000000000000000     
0.69063418572117508        102.03942930666338        1.5225518210174742        0.0000000000000000     
0.69219821189974529        102.09054662054591        1.5138449368458162        0.0000000000000000     
0.69367595022585504        102.13905980684495        1.5070066950542924        0.0000000000000000     
0.69515759415295608        102.18738220484906        1.4981782664813799        0.0000000000000000     
0.69671784991532193        102.23704259822833        1.4836977011329573        0.0000000000000000     
0.69841165558629514        102.28836967588346        1.4609149506455168        0.0000000000000000     
0.70026399861425537        102.34071392834355        1.4287970809500297        0.0000000000000000     
0.70226375065661095        102.39307200275738        1.3881244662729437        0.0000000000000000     
0.70437011250196968        102.44479485506220        1.3412038493753875        0.0000000000000000     
0.70653063331636945        102.49604505493647        1.2911616251714795        0.0000000000000000     
0.70870492424336162        102.54781577988567        1.2409997850176469        0.0000000000000000     
0.71088440054455027        102.60154175831030        1.1926805093496839        0.0000000000000000     
0.71309565888752280        102.65850630604581        1.1465322679569672        0.0000000000000000     
0.71538306328465751        102.71930945060586        1.1012097842551165        0.0000000000000000     
0.71778421465201148        102.78360890935271        1.0542743809920776        0.0000000000000000     
0.72031566551812387        102.85022281409601        1.0032214648297166        0.0000000000000000     
0.72296965476163522        102.91754420057111       0.94656390272838786        0.0000000000000000     
0.72571448428593177        102.98410506241837       0.88450770939029066        0.0000000000000000     
0.72849933854697124        103.04907243793852       0.81890409190469726        0.0000000000000000     
0.73126898607540547        103.11247911069177       0.75248613331978365        0.0000000000000000     
0.73398555937972199        103.17508598815262       0.68773990215370995        0.0000000000000000     
0.73664388505075062        103.23791245662571       0.62593048132609552        0.0000000000000000     
0.73926711503655329        103.30160226568428       0.56670688738095221        0.0000000000000000     
0.74188417596409650        103.36586284608317       0.50840706105292943        0.0000000000000000     
0.74450641513426574        103.42919804864810       0.44885233652303391        0.0000000000000000     
0.74711922944179310        103.48905663181780       0.38623580551652292        0.0000000000000000     
0.74969008536537574        103.54237655791729       0.31973922279836958        0.0000000000000000     
0.75218474020145720        103.58636332741831       0.24969856661073489        0.0000000000000000     
0.75458162061649925        103.61924347706616       0.17735408750170339        0.0000000000000000     
0.75687653492413987        103.64072064159916       0.10436294294750462        0.0000000000000000     
0.75907680072802086        103.65195368116369        3.2285656396148346E-002   0.0000000000000000     
0.76119264810743092        103.65505999038152       -3.7794088464647768E-002   0.0000000000000000     
0.76323478156551405        103.65235629549750      -0.10544473522432049        0.0000000000000000     
0.76521830121332568        103.64568239027169      -0.17086657953860229        0.0000000000000000     
0.76716614253437820        103.63612602296357      -0.23473408909684668        0.0000000000000000     
0.76910670249301716        103.62427312027840      -0.29796992312527748        0.0000000000000000     
0.77106540550910563        103.61083857982067      -0.36150366314660670        0.0000000000000000     
0.77305430382805540        103.59733350604796      -0.42604556540830063        0.0000000000000000     
0.77506764315628029        103.58640503318742      -0.49189488603475584        0.0000000000000000     
0.77709101962896610        103.58165147010996      -0.55880903824768924        0.0000000000000000     
0.77912319859659263        103.58697002289981      -0.62597340942245516        0.0000000000000000     
0.78119656400395054        103.60569801598946      -0.69211315084635139        0.0000000000000000     
0.78337554814550925        103.63986615749771      -0.75576386537218521        0.0000000000000000     
0.78572764755962643        103.68979021227995      -0.81566929565421664        0.0000000000000000     
0.78828990859434678        103.75406030187817      -0.87121811534967186        0.0000000000000000     
0.79105482294126206        103.82984246830964      -0.92279350106343050        0.0000000000000000     
0.79397688578508152        103.91334682365679      -0.97190884287207147        0.0000000000000000     
0.79699047937039846        104.00034004294211       -1.0210479612270560        0.0000000000000000     
0.80003201439613703        104.08663979117480       -1.0732092090780359        0.0000000000000000     
0.80306045634235457        104.16857121042520       -1.1312465063741812        0.0000000000000000     
0.80606779684049612        104.24336677862371       -1.1971761100399108        0.0000000000000000     
0.80907118206600792        104.30946509259388       -1.2716473835874511        0.0000000000000000     
0.81208880559843377        104.36664478417990       -1.3537428897163561        0.0000000000000000     
0.81511642871105450        104.41594081046466       -1.4411816476934567        0.0000000000000000     
0.81812174149490724        104.45933215974640       -1.5308748990019367        0.0000000000000000     
0.82105807843667455        104.49924660665607       -1.6196670620706630        0.0000000000000000     
0.82388548543644069        104.53798273053044       -1.7050287054631956        0.0000000000000000     
0.82658498094405797        104.57719032184437       -1.7854823704992611        0.0000000000000000     
0.82915823231787666        104.61756421045006       -1.8606375682185754        0.0000000000000000     
0.83161554607394750        104.65887357200988       -1.9308573279711330        0.0000000000000000     
0.83396327569890094        104.70035454927961       -1.9967195037774865        0.0000000000000000     
0.83620003089960171        104.74135388532022       -2.0585121629383574        0.0000000000000000     
0.83832277945273570        104.78198168505486       -2.1159782756706003        0.0000000000000000     
0.84033977902976653        104.82348771305396       -2.1684094623381753        0.0000000000000000     
0.84228747763348077        104.86816310612056       -2.2150343600472420        0.0000000000000000     
0.84424220634996605        104.91876345352895       -2.2555254964873273        0.0000000000000000     
0.84630691170126426        104.97765952118068       -2.2904119724788474        0.0000000000000000     
0.84856943147185493        105.04604296930852       -2.3212405519398729        0.0000000000000000     
0.85106584036838795        105.12348806552893       -2.3504366029140629        0.0000000000000000     
0.85377616462127803        105.20801634971646       -2.3809224731034373        0.0000000000000000     
0.85664588112238427        105.29660839737610       -2.4156139068056168        0.0000000000000000     
0.85961466750366899        105.38594510050675       -2.4569271899268688        0.0000000000000000     
0.86263752922721004        105.47309844887906       -2.5064071102316494        0.0000000000000000     
0.86569019485331622        105.55593964339411       -2.5645477888402439        0.0000000000000000     
0.86875982386588824        105.63316215058182       -2.6308338474571022        0.0000000000000000     
0.87183064379256636        105.70397746282947       -2.7039801854345997        0.0000000000000000     
0.87487559191662101        105.76767261758070       -2.7823013427891774        0.0000000000000000     
0.87785905883641868        105.82327004564789       -2.8641109310562571        0.0000000000000000     
0.88074918795029189        105.86947788186329       -2.9480520817585258        0.0000000000000000     
0.88353430714726700        105.90497970675702       -3.0332919608231204        0.0000000000000000     
0.88623494321101759        105.92894511232204       -3.1195616356108120        0.0000000000000000     
0.88890141148261126        105.94152426337936       -3.2070658782672599        0.0000000000000000     
0.89159441515284277        105.94408137338098       -3.2963127795078968        0.0000000000000000     
0.89436168835170193        105.93903351216063       -3.3879196576798165        0.0000000000000000     
0.89722774929357196        105.92934076189418       -3.4824450513395249        0.0000000000000000     
0.90019897879324229        105.91785110040989       -3.5802804899317833        0.0000000000000000     
0.90327365943946336        105.90675728026018       -3.6816126248397936        0.0000000000000000     
0.90644827577507581        105.89734820949826       -3.7864420683014393        0.0000000000000000     
0.90971883932544761        105.89008103770568       -3.8946301483829830        0.0000000000000000     
0.91308009251658195        105.88485355086175       -4.0059460654707815        0.0000000000000000     
0.91652495245795051        105.88129808653341       -4.1201011912131484        0.0000000000000000     
0.92004471566908175        105.87896590268608       -4.2367716995490410        0.0000000000000000     
0.92362960496234492        105.87737646108755       -4.3556140691937610        0.0000000000000000     
0.92726911849886917        105.87599406143472       -4.4762701539269409        0.0000000000000000     
0.93095171259368659        105.87421527229830       -4.5983494870153958        0.0000000000000000     
0.93466345551754104        105.87140874357789       -4.7213761678187574        0.0000000000000000     
0.93838550264464815        105.86698804469415       -4.8446972714817331        0.0000000000000000     
0.94209061597147170        105.86046387921895       -4.9673627863457268        0.0000000000000000     
0.94573943662417870        105.85143215660229       -5.0879977351789822        0.0000000000000000     
0.94927769692516772        105.83949525325582       -5.2046958845043259        0.0000000000000000     
0.95263600366682555        105.82415720255415       -5.3149752648295276        0.0000000000000000     
0.95573430787972558        105.80475618068199       -5.4158472920790324        0.0000000000000000     
0.95849360942842377        105.78049018997808       -5.5040518120504451        0.0000000000000000     
0.96085750826142158        105.75055834415215       -5.5764833068366917        0.0000000000000000     
0.96282504344507736        105.71439371682834       -5.6307719723560048        0.0000000000000000     
0.96448754786494584        105.67192177008152       -5.6659028724236249        0.0000000000000000     
0.96602605027067456        105.62375723407837       -5.6826934937538578        0.0000000000000000     
0.96760991538754371        105.57126086575325       -5.6839447378345156        0.0000000000000000     
0.96929041338754296        105.51641328465038       -5.6741514872364451        0.0000000000000000     
0.97100993078361675        105.46151358666657       -5.6587887896821574        0.0000000000000000     
0.97266803707744431        105.40875940679926       -5.6433294891640742        0.0000000000000000     
0.97418218437041859        105.35979932113132       -5.6322418345342609        0.0000000000000000     
0.97552800931850581        105.31536122418409       -5.6282244421964434        0.0000000000000000     
0.97674880883060722        105.27505073861113       -5.6318616302199489        0.0000000000000000     
0.97792348877860980        105.23738431942589       -5.6417595863527508        0.0000000000000000     
0.97911857414639525        105.20007651658170       -5.6551015698085525        0.0000000000000000     
0.98037731074189494        105.16054524867343       -5.6684746436596836        0.0000000000000000     
0.98174050376370370        105.11654092081693       -5.6787809481571783        0.0000000000000000     
0.98325047180236858        105.06675680592903       -5.6840417410190529        0.0000000000000000     
0.98492453568813454        105.01125522468385       -5.6839188918257078        0.0000000000000000     
0.98672923588051664        104.95156318281295       -5.6798169116563315        0.0000000000000000     
0.98858216075869287        104.89036186356563       -5.6745021608840531        0.0000000000000000     
0.99038100437839094        104.83080970391842       -5.6712914234543303        0.0000000000000000     
0.99204499909985200        104.77566826464729       -5.6729994179668566        0.0000000000000000     
0.99354745338508210        104.72649366950330       -5.6809438331692093        0.0000000000000000     
0.99491532750575107        104.68316346249210       -5.6943283874551627        0.0000000000000000     
0.99619280145492595        104.64390756698272       -5.7102271296687377        0.0000000000000000     
0.99741611756501003        104.60583208005490       -5.7241979054861369        0.0000000000000000     
0.99864433417814114        104.56574192183520       -5.7313330131474416        0.0000000000000000     
1.0000000000000000        104.52096838311178       -5.7274041631368267        0.0000000000000000     
